0.198407
0.375774
0.144026
0.614400
0.636730
0.590674
0.895593
0.293973
0.726310
0.340210
0.972679
0.214123
0.317959
0.575500
0.789094
0.844860
0.902219
0.409565
0.535879
0.586533
0.080220
0.855450
0.288549
0.422227
0.461030
0.530346
0.725488
0.504361
0.298144
0.319228
0.818421
0.496552
0.695002
0.962446
0.110952
0.331732
0.553120
0.006545
0.625706
0.279430
0.346755
0.598385
0.493552
0.664714
0.173885
0.282646
0.509574
0.076104
0.692211
0.045453
0.662636
0.772431
0.900903
0.951186
0.194658
0.361933
0.481531
0.920146
0.866293
0.779676
0.239374
0.684714
0.276227
0.934376
0.647160
0.387179
0.266108
0.200280
0.393724
0.891814
0.479710
0.740479
0.490199
0.973262
0.405192
0.664084
0.255908
0.914766
0.740188
0.948119
0.960219
0.402824
0.720550
0.861122
0.354010
0.915208
0.223055
0.835541
0.835354
0.089348
0.615216
0.074728
0.774062
0.891444
0.009104
0.421222
0.278623
0.275213
0.621502
0.672346
