0.494795
0.290531
0.628214
0.329701
0.927090
0.436484
0.178718
0.367658
0.735126
0.997965
0.217694
0.657713
0.553057
0.646993
0.728214
0.369851
0.993821
0.790692
0.280632
0.023417
0.457864
0.643150
0.808188
0.068987
0.946072
0.203386
0.519710
0.184596
0.918714
0.364191
0.295959
0.413508
0.654722
0.924174
0.743209
0.581812
0.360657
0.921927
0.949470
0.095783
0.919892
0.167164
0.753496
0.472949
0.814157
0.481710
0.842801
0.807978
0.272402
0.123432
0.831395
0.730267
0.766582
0.639583
0.799254
0.712655
0.842969
0.318963
0.897251
0.761683
0.683154
0.193210
0.175191
0.337876
0.117384
0.918400
0.919688
0.478041
0.840327
0.869158
0.573823
0.760219
0.036322
0.327319
0.233169
0.850479
0.809030
0.075969
0.658457
0.081432
0.199402
0.489852
0.811698
0.965984
0.129435
0.610952
0.678639
0.972405
0.929915
0.575889
0.734088
0.613069
0.769099
0.909279
0.950945
0.886483
0.827679
0.870633
0.364524
0.668006
0.739791
0.938347
0.428225
0.776113
0.265666
0.661394
0.626592
0.074696
0.737363
0.285050
0.156128
0.936765
0.774902
0.967826
0.902748
0.904337
0.578778
0.581387
0.876742
0.508693
0.157276
0.610829
0.121762
0.926376
0.520108
0.072707
0.812859
0.347787
0.943340
0.177382
0.015793
0.683132
0.115729
0.444018
0.459245
0.381396
0.105411
0.085837
0.456092
0.842774
0.370887
0.612219
0.779539
0.145789
0.580045
0.682287
0.050126
0.158823
0.263674
0.926868
0.667517
0.420951
0.537697
0.789279
0.347326
0.057806
0.861987
0.160185
0.405592
0.805327
0.337567
0.421385
0.488459
0.453296
0.865402
0.947704
0.834692
0.970814
0.033541
0.290784
0.813588
0.404428
0.903003
0.593127
0.550216
0.483048
0.275414
0.600343
0.641872
0.539088
0.527211
0.309389
0.960039
0.064908
0.098668
0.307365
0.122714
0.960654
0.467550
0.528306
0.765982
0.805117
0.949691
0.254440
0.258413
0.815093
0.202144
0.093105
0.785907
0.235685
0.383888
0.599495
0.640112
0.286891
0.192622
0.190329
0.769940
0.468036
0.790671
0.411812
0.007124
0.317882
0.721200
0.967163
0.382790
0.819868
0.274527
0.505504
0.780522
0.742077
0.033810
0.546504
0.547194
0.983500
0.800944
0.805607
0.798594
0.003088
0.898712
0.584501
0.238773
0.282600
0.183996
0.878885
0.569492
0.376618
0.069214
0.339432
0.844653
0.859885
0.751243
0.851777
0.177767
0.472444
0.818940
0.560557
0.292312
0.093467
0.066060
0.072834
0.835544
0.099870
0.619338
0.382738
0.083370
0.420282
0.188345
0.881964
0.423371
0.087057
0.466465
0.662143
0.369658
0.650460
0.541028
0.939150
0.027078
0.610242
0.278581
0.871731
0.470126
0.029825
0.723508
0.647893
0.502268
0.542448
0.208450
0.794580
0.635915
0.274511
0.867414
0.471459
0.374381
0.486752
0.854198
0.457751
0.907035
0.042543
0.339715
0.330405
0.129600
0.806179
0.992549
0.499258
0.456640
0.533577
0.438408
0.483718
0.143818
0.716989
0.355449
0.613945
0.746814
0.078957
0.261838
0.249082
0.621405
0.470288
0.043662
0.257320
0.744799
0.911076
0.728779
0.119179
0.397829
0.582977
0.576930
0.304863
0.625520
0.916645
0.635269
0.755120
0.722825
0.627818
0.254378
0.179464
0.161394
0.692786
0.663182
0.305213
0.409775
0.018631
0.919157
0.156589
0.097588
0.180996
0.405671
0.718992
0.651284
0.449333
0.976312
0.396083
0.360409
0.705091
0.515262
0.758238
0.288068
0.092192
0.063101
0.913587
0.008838
0.698370
0.668708
0.731662
0.326187
0.923086
0.911127
0.487582
0.615872
0.574309
0.792794
0.025648
0.592939
0.711952
0.182237
0.690527
0.892947
0.587908
0.409519
0.544231
0.037241
0.385831
0.940314
0.397650
0.090922
0.455576
0.155887
0.378990
0.547768
0.218988
0.292577
0.556606
0.917358
0.961285
0.288268
0.243546
0.884371
0.199395
0.731128
0.500243
0.773703
0.523922
0.525890
0.366643
0.235874
0.708127
0.057170
0.128821
0.296035
0.466689
0.673052
0.333275
0.852520
0.613366
0.730925
0.943442
0.068942
0.886813
0.322432
0.616710
0.105801
0.615009
0.173316
0.023159
0.576293
0.461584
0.266705
0.460664
0.660979
0.997833
0.960907
0.434683
0.521754
0.486797
0.801325
0.757628
0.194924
0.858495
0.886449
0.490959
0.325184
0.559502
0.824235
0.177704
0.172868
0.555160
0.121146
0.241810
0.441972
0.443578
0.858521
0.547773
0.058587
0.031837
0.570932
0.634880
0.493421
0.837637
0.095544
0.154400
0.835470
0.056451
0.589083
0.357224
0.543248
0.390408
0.114853
0.738172
0.248903
0.001302
0.229132
0.574087
0.560804
0.053366
0.751791
0.733671
0.608526
0.872937
0.975482
0.050498
0.316515
0.834002
0.598272
0.375102
0.865839
0.169204
0.009982
0.359260
0.006842
0.105526
0.513661
0.842312
0.161977
0.102743
0.199536
0.705225
0.493152
0.314389
0.443398
0.742055
0.315691
0.672529
0.316142
0.876494
0.725896
0.067933
0.610166
0.334422
0.940870
0.585647
0.384920
0.257385
0.419649
0.983192
0.632487
0.285488
0.152396
0.642469
0.644748
0.159237
0.747995
0.158409
0.001549
0.909972
0.261152
0.201085
0.615198
0.754304
0.515474
0.058595
0.496359
0.831164
0.731125
0.812501
0.707658
0.457021
0.880434
0.317824
0.791442
0.821304
0.903471
0.176363
0.078689
0.323121
0.159555
0.711176
0.608609
0.311951
0.353645
0.253357
0.471188
0.101641
0.411766
0.472737
0.011613
0.672919
0.673822
0.626811
0.427223
0.189296
0.685406
0.923581
0.020460
0.416531
0.736082
0.728118
0.873552
0.616516
0.045942
0.664994
0.437820
0.949414
0.841357
0.516509
0.272534
0.000911
0.227686
0.881143
0.312862
0.581331
0.134500
0.784050
0.682972
0.546267
0.256787
0.694585
0.219185
0.930609
0.321395
0.646408
0.119905
0.006801
0.569989
0.140365
0.423333
0.306071
0.868483
0.296884
0.922587
0.914426
0.961878
0.360407
0.863839
0.803235
0.876916
0.136373
0.804147
0.104602
0.017516
0.117008
0.685933
0.152016
0.901058
0.368904
0.698283
0.157846
0.063489
0.917468
0.088455
0.384884
0.563876
0.208360
0.391686
0.133866
0.348725
0.815018
0.439937
0.217208
0.111903
0.362525
0.131633
0.073781
0.722932
0.995473
0.877016
0.599848
0.131846
0.681163
0.704450
0.149362
0.798171
0.390383
0.301378
0.699230
0.759287
0.999662
0.857075
0.822777
0.917130
0.945530
0.207661
0.481006
0.153889
0.599347
0.614872
0.502614
0.414365
0.054809
0.719822
0.526268
0.417334
0.851455
0.600049
0.140266
0.846928
0.477065
0.740114
0.978773
0.158228
0.444564
0.128135
0.956399
0.834947
0.429514
0.655628
0.594234
0.429175
0.512704
0.417011
0.346305
0.458233
0.624672
0.827312
0.612123
0.224019
0.442184
0.114737
0.638384
0.496993
0.834558
0.164652
0.914327
0.686013
0.764701
0.054592
0.532941
0.241766
0.794706
0.511714
0.399994
0.239270
0.639850
0.356393
0.074217
0.069364
0.012022
0.668451
0.498539
0.524725
0.085461
0.844845
0.982959
0.710133
0.672156
0.595082
0.934152
0.114340
0.709818
0.572536
0.611333
0.544377
0.737188
0.525660
0.230390
0.501889
0.580253
0.763331
0.743656
0.374959
0.275046
0.143650
0.614228
0.914896
0.500043
0.688445
0.984259
0.512065
0.356896
0.482799
0.036791
0.442357
0.327643
0.019749
0.152490
0.999800
0.614831
0.086642
0.114140
0.324649
0.659178
0.725473
0.869026
0.396366
0.251134
0.099416
0.898255
0.831386
0.862747
0.641911
0.206345
0.137793
0.785562
0.820573
0.052688
0.285605
0.509018
0.036948
0.797670
0.865914
0.519747
0.834461
0.308271
0.847390
0.854210
0.460761
0.847190
0.469041
0.547403
0.961330
0.793690
0.206581
0.686803
0.662715
0.602947
0.937937
0.762131
0.501202
0.769323
0.624879
0.143114
0.975668
0.762671
0.928675
0.796241
0.815360
0.214280
0.305259
0.852308
0.011950
0.171173
0.372054
0.846411
0.479444
0.219444
0.700621
0.940205
0.066634
0.169662
0.487608
0.027964
0.963351
0.694189
0.714767
0.626067
0.297136
0.652704
0.388198
0.798338
0.422027
0.013077
0.941452
0.397695
0.775748
0.870127
0.193936
0.591108
0.084407
0.499196
0.443416
0.096357
0.670369
0.815470
0.942768
0.149813
0.034914
0.643389
0.090018
0.101548
0.813051
0.577625
0.129512
0.776402
0.271814
0.844279
0.402469
0.568950
0.496983
0.790667
0.367288
0.919010
0.803743
0.308739
0.316705
0.579491
0.178866
0.510641
0.170599
0.263273
0.009837
0.614015
0.359631
0.680206
0.429485
0.302399
0.830018
0.464399
0.945788
0.920036
0.565947
0.758839
0.497661
0.695459
0.535241
0.769476
0.539738
0.937709
0.338425
0.036721
0.728376
0.705713
0.955731
0.532119
0.014453
0.272436
0.111610
0.193319
0.783078
0.282209
0.456592
0.792915
0.896224
0.816223
0.473120
0.325709
0.118622
0.303139
0.790107
0.064410
0.223175
0.356054
0.823249
0.720836
0.051513
0.358490
0.490312
0.591250
0.296200
0.828737
0.627971
0.024576
0.534450
0.583702
0.556695
0.548903
0.856138
0.668305
0.742222
0.639216
0.950515
0.198814
0.432131
0.846739
0.015037
0.905251
0.172448
0.133659
0.208389
0.962555
0.198069
0.431564
0.318609
0.021319
0.152400
0.370122
0.379809
0.642712
0.961373
0.676008
0.471448
0.589344
0.700584
0.005899
0.173046
0.257279
0.554801
0.029184
0.925584
0.297023
0.668400
0.876099
0.495837
0.100531
0.722838
0.510874
0.005781
0.895286
0.644533
0.214171
0.857841
0.842602
0.645735
0.176451
0.863921
0.798135
0.546573
0.243730
0.440846
0.507945
0.919738
0.912295
0.097289
0.620322
0.918193
0.270335
0.877601
0.472994
0.299519
0.803186
0.770017
0.967920
0.679285
0.265854
0.068450
0.402124
0.776728
0.074232
0.297410
0.421260
0.288403
0.155251
0.263862
0.934138
0.331702
0.127783
0.732272
0.878275
0.371513
0.173119
0.386220
0.291251
0.085413
0.483509
0.911573
0.003607
0.753844
0.789175
0.476601
0.053364
0.592361
0.246618
0.021283
0.271646
0.512472
0.089734
0.673770
0.289200
0.163966
0.971179
0.710460
0.452368
0.126430
0.974323
0.386506
0.458132
0.102106
0.118778
0.336407
0.473619
0.291897
0.722627
0.764870
0.377310
0.206136
0.676443
0.380917
0.959980
0.465618
0.857518
0.013344
0.057979
0.104137
0.034627
0.329625
0.616609
0.124361
0.003395
0.905809
0.288327
0.974574
0.616269
0.740695
0.101005
0.590592
0.127201
0.559137
0.692697
0.245979
0.895544
0.166316
0.537876
0.618170
0.931186
0.915186
0.824306
0.607630
0.296104
0.784287
0.073248
0.153622
0.797631
0.131228
0.257758
0.832258
0.460853
0.874367
0.956619
0.464248
0.780176
0.244946
0.438822
0.396444
0.985641
0.539827
0.987036
0.112842
0.098964
0.679733
0.358821
0.994508
0.846050
0.896697
0.612678
0.777236
0.811883
0.436985
0.384866
0.107987
0.221271
0.458114
0.261609
0.018902
0.589342
0.519367
0.851160
0.050195
0.393734
0.807779
0.514443
0.173910
0.052724
0.953265
0.570354
0.038365
0.493092
0.557390
0.151207
0.592057
0.237123
0.510027
0.586565
0.083173
0.406724
0.199243
0.860409
0.218607
0.636228
0.245275
0.326594
0.857499
0.703389
0.588203
0.876401
0.292731
0.107570
0.727561
0.342926
0.501304
0.535339
0.857368
0.675213
0.588063
0.810633
0.245567
0.626428
0.303726
0.802957
0.777635
0.895783
0.040081
0.287662
0.482347
0.123254
0.694386
0.681590
0.983663
0.912994
0.317818
0.228938
0.239588
0.175317
0.932328
0.827791
0.051718
0.225059
0.935361
0.779279
0.567984
0.436665
0.314618
0.425353
0.111878
0.902681
0.235986
0.357446
0.529110
0.539712
0.160403
0.306745
0.435494
0.200484
0.594407
0.917842
0.323738
0.288793
0.599432
0.307401
0.201787
0.917250
0.536339
0.441376
0.092568
0.468667
0.269167
0.144286
0.693726
0.204528
0.923565
0.261711
0.641193
0.238183
0.687063
0.753071
0.140864
0.923049
0.110516
0.669974
0.462761
0.270919
0.976719
0.898256
0.471403
0.571126
0.816097
0.795141
0.859919
0.415529
0.102542
0.061706
0.332780
0.638881
0.503082
0.425348
0.107548
0.772249
0.569633
0.801274
0.976776
0.493198
0.062985
0.617969
0.731381
0.750048
0.371040
0.872245
0.673097
0.481557
0.542218
0.135859
0.752476
0.518937
0.034114
0.223879
0.090063
0.850212
0.019020
0.949982
0.265741
0.121561
0.011688
0.598521
0.760442
0.514770
0.023869
0.867990
0.287018
0.593502
0.669265
0.263794
0.086700
0.732250
0.881764
0.818081
0.482298
0.252804
0.690326
0.155395
0.734360
0.232544
0.291254
0.486836
0.751481
0.325369
0.710715
0.841544
0.175580
0.729735
0.791525
0.441322
0.851296
0.803213
0.039843
0.611738
0.317983
0.063711
0.479729
0.605001
0.657214
0.148993
0.868795
0.743914
0.881243
0.750559
0.561995
0.363541
0.003362
0.252321
0.518937
0.737723
0.484865
0.810191
0.224559
0.236346
0.135559
0.935274
0.077890
0.311140
0.665009
0.869415
0.752461
0.516305
0.672628
0.792304
0.128043
0.990611
0.856015
0.607772
0.595611
0.513229
0.756765
0.464406
0.257143
0.638008
0.214965
0.819138
0.001549
0.218327
0.071459
0.520486
0.956050
0.556324
0.330677
0.180609
0.792670
0.466236
0.115883
0.870560
0.777375
0.780892
0.739975
0.529837
0.297196
0.412604
0.322140
0.425239
0.403214
0.178156
0.033011
0.998826
0.691385
0.789776
0.463232
0.948528
0.427784
0.678197
0.767666
0.429334
0.896524
0.839124
0.949820
0.852574
0.395448
0.280496
0.033183
0.188119
0.746732
0.149066
0.058679
0.524108
0.929957
0.798654
0.053944
0.227154
0.211258
0.376085
0.652393
0.614472
0.554240
0.685404
0.613298
0.245625
0.475180
0.076529
0.194152
0.902964
0.754726
0.961818
0.332297
0.651250
0.800942
0.282117
0.503824
0.196391
0.562613
0.537007
0.384509
0.309345
0.686073
0.443188
0.833453
0.616030
0.241843
0.887397
0.843184
0.453100
0.263482
0.495577
0.067572
0.817722
0.180981
0.680870
0.063347
0.656161
0.757399
0.257499
0.559125
0.512125
0.219317
0.891422
0.163376
0.020259
0.173539
0.667200
0.216650
0.736152
0.204207
0.601160
0.045498
0.890280
0.044348
0.878951
0.506310
0.286190
0.766348
0.349494
0.739291
0.029830
0.845071
0.806863
0.847552
0.026052
0.487733
0.910899
0.682213
0.245132
0.168398
0.241337
0.757257
0.387715
0.132759
0.920633
0.407974
0.306299
0.587833
0.624624
0.042451
0.792040
0.225784
0.087949
0.682320
0.270132
0.966900
0.188630
0.556322
0.733248
0.538124
0.295613
0.763078
0.383194
0.102476
0.610630
0.409246
0.590208
0.521529
0.091459
0.835340
0.689927
0.332796
0.592597
0.077642
0.465556
0.513230
0.485616
0.771854
0.101063
0.110240
0.814306
0.893103
0.336024
0.902255
0.575422
0.606156
0.869155
0.764052
0.162478
0.602403
0.302176
0.458090
0.365481
0.685370
0.560566
0.976111
0.094616
0.150774
0.497640
0.186075
0.986114
0.187567
0.518871
0.578711
0.265209
0.984427
0.091941
0.750824
0.756281
0.193004
0.861064
0.570587
0.086106
0.197088
0.472841
0.661529
0.803244
0.341996
0.425581
0.965721
0.944399
0.727756
0.423812
0.309880
0.413126
0.984378
0.285992
0.507742
0.135152
0.783632
0.693817
0.121265
0.971199
0.212689
0.699977
0.236407
0.197115
0.791918
0.987232
0.953397
0.984921
0.848296
0.523983
0.071028
0.045385
0.996825
0.732556
0.848628
0.338821
0.158137
0.814350
0.283220
0.885893
0.238162
0.593100
0.299020
0.222539
0.879092
0.806762
0.357691
0.662724
0.500579
0.478956
0.633923
0.713268
0.178933
0.870330
0.910384
0.970850
0.857562
0.863780
0.955772
0.705858
0.387763
0.026799
0.751242
0.384588
0.759356
0.599871
0.723409
0.917493
0.414221
0.006629
0.803386
0.652382
0.599729
0.102405
0.874921
0.478821
0.909167
0.232612
0.141545
0.409747
0.711568
0.775468
0.123015
0.890501
0.645798
0.033399
0.861351
0.503359
0.897179
0.817123
0.209217
0.284942
0.843922
0.960459
0.669530
0.603278
0.560330
0.392939
0.520770
0.974550
0.399568
0.324156
0.626932
0.999298
0.426562
0.501854
0.478119
0.335729
0.734466
0.619664
0.745476
0.446034
0.395132
0.868491
0.336535
0.040929
0.901889
0.197886
0.544288
0.799068
0.015009
0.753505
0.084011
0.858931
0.713964
0.753541
0.462209
0.274294
0.146480
0.982979
0.248844
0.546048
0.307135
0.875777
0.545346
0.733697
0.377630
0.023465
0.069426
0.112096
0.643129
0.814902
0.558131
0.038260
0.683392
0.894666
0.079190
0.585282
0.092552
0.623478
0.384350
0.107561
0.376983
0.468361
0.966493
0.090947
0.221902
0.428702
0.365241
0.368382
0.411681
0.614085
0.914430
0.718816
0.489862
0.459776
0.452513
0.867492
0.483241
0.521938
0.979588
0.126369
0.336840
0.537719
0.164630
0.020232
0.432385
0.243819
0.605514
0.524937
0.867297
0.989864
0.632498
0.244280
0.458225
0.598991
0.335227
0.680126
0.027693
0.700468
0.048508
0.439373
0.314553
0.962938
0.158189
0.804415
0.422714
0.610702
0.671907
0.905955
0.132640
0.651495
0.032324
0.469480
0.189214
0.196953
0.489712
0.621599
0.440772
0.095226
0.146536
0.308069
0.085091
0.779035
0.552349
0.543316
0.378026
0.887576
0.223442
0.405718
0.588044
0.271950
0.845092
0.902597
0.234888
0.003281
0.707012
0.657602
0.613983
0.378919
0.563557
0.746623
0.030414
0.595880
0.216103
0.219628
0.792834
0.705815
0.841227
0.233606
0.801042
0.987763
0.541676
0.886132
0.766798
0.094025
0.429448
0.144824
0.981601
0.652890
0.550542
0.569646
0.924840
0.395634
0.472243
0.159728
0.398915
0.179256
0.817330
0.012897
0.558174
0.380887
0.759520
0.588588
0.976767
0.975623
0.808216
0.769601
0.681438
0.649443
0.003207
0.482480
0.637207
0.544883
0.368612
0.404004
0.638908
0.798060
0.548828
0.620510
0.450950
0.099370
0.190155
0.375790
0.495003
0.662399
0.535518
0.893918
0.841654
0.352849
0.906815
0.399829
0.733735
0.666335
0.988417
0.710503
0.641959
0.796633
0.480104
0.323397
0.446076
0.483311
0.805877
0.083283
0.028194
0.174489
0.487287
0.667102
0.972549
0.036115
0.287612
0.423499
0.135485
0.477767
0.799289
0.630488
0.140166
0.334808
0.524406
0.981820
0.687656
0.431221
0.381649
0.421392
0.097557
0.370066
0.131894
0.739515
0.166699
0.611998
0.062912
0.612775
0.095309
0.868789
0.696058
0.123504
0.043278
0.183346
0.790606
0.015828
0.219461
0.078217
0.439327
0.354946
0.555985
0.238617
0.985434
0.696151
0.573424
0.509840
0.677971
0.261080
0.941061
0.059620
0.682472
0.038618
0.429686
0.814366
0.778134
0.596385
0.426365
0.841046
0.209160
0.521674
0.709835
0.905219
0.645178
0.753114
0.088564
0.435784
0.768942
0.308025
0.514001
0.208269
0.662971
0.069986
0.446885
0.648404
0.766136
0.020309
0.158244
0.444107
0.281390
0.099306
0.503727
0.963862
0.137924
0.933413
0.778228
0.916058
0.529799
0.204593
0.757104
0.738959
0.726267
0.466940
0.644178
0.371445
0.220054
0.732742
0.807228
0.988995
0.040767
0.321229
0.197264
0.703738
0.391215
0.644149
0.352142
0.157351
0.664458
0.510386
0.601458
0.945848
0.609692
0.105186
0.909710
0.747617
0.038599
0.687938
0.663675
0.568398
0.892531
0.420779
0.307357
0.618798
0.887719
0.951534
0.990243
0.107772
0.684277
0.797471
0.096768
0.725044
0.118701
0.294031
0.428781
0.509916
0.938180
0.780923
0.667267
0.602639
0.291310
0.268725
0.548487
0.901002
0.373911
0.458197
0.648619
0.412510
0.146135
0.312293
0.980908
0.038666
0.733072
0.288264
0.657464
0.620791
0.239799
0.647707
0.728563
0.924075
0.445179
0.825331
0.649119
0.563879
0.119362
0.077900
0.073795
0.057542
0.858823
0.741062
0.660181
0.150133
0.009787
0.208668
0.051135
0.383698
0.666864
0.699753
0.796208
0.812999
0.012047
0.777116
0.851665
0.745119
0.065380
0.509129
0.365909
0.305179
0.156836
0.094472
0.229254
0.602015
0.919803
0.878373
0.165894
0.039165
0.956273
0.239689
0.096707
0.815096
0.980751
0.756888
0.965229
0.990538
0.965556
0.016364
0.374236
0.632420
0.716117
0.170445
0.445419
0.728164
0.947560
0.297084
0.473283
0.012940
0.806212
0.839192
0.318119
0.963048
0.933664
0.547373
0.565063
0.853467
0.425746
0.730957
0.892631
0.382018
0.970646
0.989338
0.197114
0.951397
0.746226
0.162343
0.941936
0.711782
0.178707
0.316172
0.344201
0.894825
0.486617
0.789620
0.622989
0.434177
0.086704
0.096271
0.447117
0.892916
0.935463
0.765236
0.855965
0.869127
0.312609
0.421028
0.722593
0.738355
0.151985
0.615225
0.120373
0.122631
0.604563
0.317488
0.074028
0.350789
0.479831
0.015963
0.062570
0.658539
0.332136
0.406772
0.553364
0.818752
0.196392
0.176352
0.252929
0.283095
0.272624
0.700046
0.176012
0.208087
0.465283
0.031976
0.077214
0.777892
0.453004
0.799807
0.516247
0.604989
0.415032
0.636620
0.727619
0.019594
0.954108
0.801647
0.370383
0.433939
0.817611
0.432954
0.092477
0.149746
0.839725
0.645841
0.968498
0.036117
0.822193
0.221428
0.319212
0.094817
0.921474
0.495224
0.302904
0.386757
0.527200
0.380118
0.164649
0.980204
0.179925
0.680895
0.585192
0.594957
0.317515
0.312812
0.614551
0.271623
0.114459
0.984934
0.705561
0.932070
0.417888
0.798039
0.081816
0.257613
0.443880
0.050314
0.293730
0.266073
0.271742
0.612942
0.360890
0.193216
0.108166
0.663794
0.579972
0.635366
0.043911
0.744621
0.615570
0.223836
0.425516
0.200763
0.818793
0.743031
0.513575
0.433344
0.014654
0.628034
0.418278
0.720215
0.560103
0.836166
0.518254
0.641919
0.093779
0.962134
0.692233
0.387510
0.228206
0.963975
0.000452
0.589096
0.157190
0.108618
0.252890
0.737162
0.743985
0.296802
0.481783
0.359555
0.520638
0.907299
0.560318
0.339431
0.650330
0.073893
0.772775
0.664984
0.701926
0.191054
0.385199
0.262029
0.027220
0.903453
0.903948
0.120999
0.865587
0.596181
0.508509
0.093793
0.560156
0.508961
0.682889
0.717346
0.617579
0.935780
0.454508
0.361564
0.232581
0.936291
0.721119
0.753219
0.843590
0.281437
0.092650
0.493920
0.355330
0.865425
0.158904
0.057256
0.056479
0.544103
0.319286
0.083699
0.447556
0.223234
0.204698
0.313142
0.819415
0.713207
0.406936
0.379571
0.222168
0.089825
0.096916
0.839747
0.025605
0.551425
0.201311
0.258186
0.487716
0.922431
0.011405
0.331306
0.203868
0.104056
0.825226
0.559198
0.969481
0.984130
0.616455
0.025960
0.528233
0.935740
0.109659
0.975789
0.158974
0.314357
0.288931
0.978389
0.027564
0.695867
0.357959
0.249732
0.785692
0.454876
0.089479
0.811296
0.006301
0.290791
0.069482
0.494017
0.213222
0.080888
0.825323
0.417090
0.184943
0.650549
0.976288
0.154424
0.634679
0.592743
0.180384
0.162912
0.528483
0.290043
0.138701
0.687457
0.604400
0.427632
0.665846
0.631964
0.123498
0.023805
0.881696
0.909190
0.478681
0.971175
0.720486
0.484982
0.261966
0.789969
0.978998
0.475188
0.870856
0.804321
0.892278
0.055799
0.454870
0.868566
0.210223
0.089550
0.461308
0.390608
0.252462
0.989792
0.680651
0.391162
0.677249
0.285050
0.818794
0.343094
0.917014
0.942293
0.366900
0.798710
0.851483
0.845581
0.769886
0.571969
0.330563
0.031852
0.361938
0.309561
0.507040
0.232794
0.113882
0.399317
0.288593
0.568753
0.267883
0.498817
0.658302
0.729191
0.889424
0.910764
0.718983
0.570075
0.301927
0.396231
0.855125
0.120721
0.739326
0.772140
0.063014
0.106226
0.570850
0.914497
0.951806
0.340736
0.486466
0.282369
0.372588
0.848404
0.591930
0.879628
0.081198
0.705813
0.278945
0.369791
0.274565
0.546828
0.868608
0.932868
0.276019
0.758032
0.843632
0.995002
0.328107
0.145559
0.391233
0.183233
0.266280
0.130559
0.955373
0.329294
0.236785
0.526223
0.243790
0.188591
0.866959
0.730256
0.470961
0.239547
0.578660
0.062891
0.119175
0.659858
0.768703
0.398120
0.029649
0.043269
0.944947
0.898257
0.976137
0.220967
0.656289
0.819769
0.215969
0.984397
0.965328
0.607202
0.167629
0.231608
0.737761
0.123002
0.560901
0.974546
0.649225
0.804692
0.163138
0.516184
0.534948
0.634098
0.755731
0.113608
0.696989
0.874906
0.773466
0.465692
0.273026
0.803115
0.508961
0.217973
0.701372
0.485098
0.438940
0.357661
0.304867
0.654908
0.342058
0.270195
0.262110
0.509687
0.501802
0.999872
0.632689
0.062704
0.974418
0.281914
0.867395
0.137556
0.798098
0.402343
0.771654
0.553830
0.515951
0.468643
0.428735
0.289417
0.934335
0.701761
0.092532
0.443296
0.919734
0.793904
0.928394
0.358674
0.151564
0.233261
0.013582
0.493622
0.503456
0.275693
0.003309
0.005259
0.275564
0.635998
0.067962
0.249982
0.917912
0.935358
0.387538
0.716011
0.337701
0.159192
0.269840
0.853653
0.627834
0.698576
0.143070
0.562170
0.400337
0.235602
0.005466
0.320071
0.029505
0.933861
0.678745
0.181070
0.167122
0.692327
0.674692
0.670578
0.968020
0.678001
0.675837
0.243584
0.313999
0.743799
0.493566
0.231911
0.679157
0.881104
0.947922
0.016858
0.040295
0.217762
0.870510
0.668130
0.916338
0.013580
0.230299
0.316674
0.249182
0.235765
0.636745
0.278687
0.169626
0.315490
0.459757
0.336748
0.007817
0.134449
0.007326
0.975836
0.812450
0.683162
0.219420
0.126448
0.426961
0.712986
0.358360
0.106118
0.594089
0.306281
0.122976
0.634385
0.524043
0.993486
0.302514
0.440381
0.007067
0.532813
0.757055
0.256248
0.768578
0.393800
0.534936
0.938204
0.709290
0.994693
0.274952
0.717107
0.129141
0.282277
0.692943
0.941591
0.965440
0.912363
0.068039
0.392401
0.625349
0.426399
0.498519
0.219439
0.732681
0.621495
0.853823
0.256724
0.614982
0.156338
0.697105
0.622048
0.689151
0.454160
0.878297
0.457729
0.847960
0.413232
0.395933
0.557250
0.407925
0.670885
0.274357
0.537067
0.953163
0.967300
0.478658
0.918602
0.879664
0.546697
0.311004
0.505013
0.973096
0.809523
0.724452
0.705777
0.431018
0.578275
0.962501
0.046000
0.734613
0.659605
0.668048
0.423763
0.113765
0.546345
0.881493
0.961725
0.959577
0.277426
0.518975
0.367502
0.948311
0.793332
0.904569
0.901474
0.760632
0.383227
0.820076
0.640296
0.929924
0.131080
0.145309
0.903020
0.940603
0.869760
0.608797
0.371621
0.448035
0.571297
0.417621
0.182648
0.230902
0.085669
0.606411
0.344668
0.632014
0.487904
0.306393
0.591591
0.765330
0.825368
0.959093
0.713641
0.618700
0.863662
0.615115
0.379332
0.246889
0.435191
0.019628
0.176813
0.566271
0.164937
0.079833
0.506874
0.034697
0.688629
0.878495
0.482732
0.259927
0.296116
0.665380
0.490829
0.381785
0.271791
0.835497
0.013798
0.759695
0.141889
0.605389
0.525025
0.967257
0.564483
0.238667
0.585957
0.428145
0.853782
0.965290
0.675034
0.288973
0.984918
0.851847
0.855244
0.149854
0.931680
0.362118
0.184551
0.620309
0.240613
0.667284
0.880236
0.536729
0.332664
0.371065
0.918514
0.604455
0.206561
0.932312
0.364151
0.348451
0.537702
0.889176
0.315708
0.102185
0.127843
0.901666
0.530330
0.981625
0.866955
0.205364
0.270598
0.851873
0.057211
0.125843
0.001728
0.988891
0.487961
0.186279
0.609200
0.728575
0.853563
0.489436
0.265304
0.186226
0.860501
0.183818
0.790682
0.067062
0.116130
0.154833
0.415513
0.653832
0.044009
0.731221
0.756017
0.171852
0.632887
0.286347
0.153477
0.499842
0.491711
0.424075
0.351715
0.548923
0.549917
0.353443
0.537814
0.037879
0.539722
0.147014
0.766453
0.393284
0.636450
0.031757
0.579511
0.496951
0.215575
0.370192
0.564012
0.331705
0.525025
0.979525
0.985537
0.569034
0.710746
0.741555
0.740886
0.343632
0.027902
0.894363
0.843474
0.519613
0.318438
0.195189
0.068535
0.868355
0.548632
0.606349
0.906234
0.088354
0.753363
0.672687
0.481638
0.389813
0.704443
0.061148
0.886764
0.920018
0.431341
0.450776
0.251723
0.956366
0.430301
0.237261
0.525400
0.141047
0.978815
0.266285
0.484680
0.006717
0.160648
0.328154
0.526330
0.479085
0.523344
0.594865
0.347440
0.071976
0.201214
0.253674
0.160329
0.954578
0.926361
0.641967
0.344391
0.630804
0.703115
0.231155
0.550822
0.134456
0.681931
0.802546
0.090822
0.112232
0.039807
0.616222
0.253279
0.018622
0.882507
0.737959
0.025339
0.043155
0.066113
0.551669
0.522240
0.589456
0.146534
0.869681
0.661432
0.347749
0.123355
0.821761
0.302327
0.049715
0.463728
0.646717
0.680519
0.166844
0.877872
0.231342
0.301300
0.559802
0.033888
0.392122
0.672034
0.073694
0.008343
0.925313
0.092317
0.890850
0.663272
0.117656
0.934005
0.729385
0.669325
0.456245
0.318841
0.815859
0.325926
0.980273
0.163608
0.449281
0.802034
0.465935
0.498996
0.265762
0.112652
0.179515
0.432606
0.990524
0.410857
0.733906
0.550326
0.444744
0.126027
0.222361
0.518439
0.134371
0.147674
0.610755
0.025221
0.810946
0.728411
0.959226
0.540330
0.397736
0.415472
0.859171
0.213595
0.741397
0.839444
0.377204
0.190678
0.641477
0.843138
0.689674
0.907239
0.955790
0.869189
0.339845
0.946314
0.280046
0.073750
0.496640
0.724791
0.199778
0.719001
0.243229
0.334149
0.866675
0.853985
0.359370
0.677621
0.582396
0.318596
0.217951
0.980132
0.734068
0.077122
0.193727
0.475465
0.916566
0.570931
0.666143
0.558044
0.414069
0.355817
0.465283
0.369859
0.225006
0.805128
0.316173
0.505053
0.878878
0.812814
0.229843
0.078656
0.531815
0.473073
0.412805
0.398490
0.327057
0.772174
0.076111
0.909453
0.090770
0.294062
0.889585
0.824838
0.371184
0.083312
0.300303
0.287750
0.654243
0.966446
0.845794
0.068311
0.322264
0.311077
0.438171
0.547270
0.116205
0.754344
0.052322
0.995083
0.567158
0.282166
0.073739
0.098972
0.755238
0.486543
0.497462
0.082295
0.258718
0.573573
0.991748
0.349488
0.867634
0.881333
0.174326
0.238819
0.964645
0.474629
0.526569
0.618888
0.441076
0.372363
0.687199
0.763339
0.683440
0.125370
0.310609
0.799645
0.879714
0.362932
0.794727
0.446871
0.645097
0.868466
0.545844
0.400336
0.355009
0.043306
0.482631
0.613727
0.616878
0.474380
0.963215
0.484513
0.355713
0.137542
0.723331
0.320358
0.612171
0.249900
0.939246
0.053247
0.622263
0.626445
0.816586
0.305703
0.751814
0.127196
0.105348
0.631528
0.490127
0.900075
0.078399
0.135225
0.768542
0.624243
0.535561
0.123551
0.667548
0.018192
0.737278
0.284426
0.492571
0.700494
0.768939
0.848284
0.838036
0.492270
0.168642
0.450207
0.742170
0.107888
0.503454
0.364434
0.734333
0.320040
0.670137
0.486147
0.447236
0.775485
0.117675
0.937363
0.675561
0.196074
0.072588
0.444102
0.820316
0.608149
0.567654
0.487865
0.626341
0.304932
0.772291
0.118912
0.005426
0.541230
0.967197
0.843461
0.033500
0.135839
0.293668
0.775671
0.243727
0.797122
0.140104
0.978060
0.117162
0.810242
0.464206
0.564398
0.585727
0.581881
0.501761
0.261287
0.777955
0.574350
0.705390
0.598272
0.182499
0.273043
0.086136
0.808840
0.577975
0.858427
0.927752
0.583401
0.399657
0.894949
0.426862
0.433157
0.030787
0.720530
0.208828
0.274514
0.517652
0.348932
0.252574
0.634815
0.159174
0.716780
0.199213
0.744901
0.298662
0.700974
0.006188
0.076617
0.275324
0.711578
0.674888
0.457823
0.984621
0.761024
0.266663
0.562596
0.619452
0.194414
0.145997
0.019109
0.089363
0.572860
0.452266
0.120150
0.293390
0.661094
0.394665
0.811042
0.010026
0.647239
0.445857
0.169200
0.364019
0.645070
0.914101
0.662681
0.346044
0.920289
0.739297
0.621368
0.631866
0.414185
0.079191
0.616487
0.175210
0.345854
0.179084
0.794661
0.540268
0.325081
0.813770
0.629631
0.897940
0.266036
0.749781
0.191330
0.927130
0.144446
0.002373
0.937157
0.791685
0.448230
0.106357
0.155704
0.093300
0.020457
0.818385
0.439344
0.940746
0.557682
0.060712
0.572612
0.971867
0.139903
0.189099
0.147077
0.485756
0.368183
0.941739
0.026024
0.693264
0.755509
0.655655
0.591204
0.021545
0.405437
0.782534
0.948676
0.549883
0.784907
0.885832
0.341568
0.233137
0.992189
0.497271
0.326436
0.012646
0.315656
0.765780
0.953392
0.873338
0.826491
0.526004
0.845205
0.966394
0.715103
0.992282
0.452150
0.083286
0.934021
0.478174
0.776550
0.689529
0.133830
0.367754
0.711075
0.539266
0.150288
0.659750
0.089149
0.935195
0.545582
0.430716
0.168332
0.537771
0.927988
0.494768
0.550417
0.243644
0.260548
0.503809
0.116982
0.087039
0.029813
0.962187
0.053433
0.744916
0.954469
0.505583
0.828202
0.888490
0.983758
0.604752
0.578019
0.117587
0.972506
0.289094
0.656853
0.122794
0.948844
0.746002
0.057989
0.494426
0.176719
0.226320
0.032197
0.104707
0.721088
0.582614
0.348350
0.981636
0.086423
0.465332
0.068675
0.116236
0.427519
0.122108
0.861152
0.381988
0.627691
0.689354
0.270477
0.611449
0.294106
0.848496
0.729036
0.266612
0.137590
0.385889
0.389405
0.086434
0.131892
0.447394
0.580860
0.308610
0.673715
0.613057
0.413317
0.394803
0.195671
0.761667
0.376439
0.282094
0.226999
0.445114
0.398331
0.654518
0.567222
0.259483
0.036506
0.194912
0.948837
0.306983
0.806361
0.242943
0.155479
0.535397
0.509555
0.293069
0.921286
0.898960
0.379503
0.053177
0.346355
0.960363
0.361788
0.020069
0.573420
0.775104
0.414872
0.769091
0.536772
0.791311
0.051185
0.763771
0.236425
0.449516
0.418289
0.803647
0.708998
0.454794
0.998559
0.657835
0.761777
0.804920
0.900778
0.917257
0.340317
0.410333
0.210326
0.261603
0.309294
0.589829
0.314780
0.655648
0.550192
0.676568
0.675717
0.123611
0.451672
0.090590
0.892702
0.988444
0.881901
0.943887
0.752214
0.118326
0.393402
0.170503
0.921973
0.102401
0.625297
0.920532
0.760236
0.387075
0.725452
0.661015
0.304331
0.065768
0.071348
0.514657
0.327371
0.380642
0.104486
0.642151
0.036290
0.654678
0.318719
0.712007
0.778289
0.770391
0.802597
0.670991
0.758834
0.684497
0.614878
0.511049
0.802824
0.008280
0.681552
0.724796
0.110681
0.306849
0.645328
0.870917
0.693924
0.370779
0.531932
0.998255
0.436548
0.603280
0.512912
0.763919
0.983922
0.617398
0.406070
0.020211
0.272076
0.724788
0.732218
0.050365
0.495179
0.534815
0.721356
0.254013
0.219312
0.336234
0.765062
0.022136
0.344514
0.446613
0.746932
0.455195
0.753462
0.392260
0.326112
0.447386
0.763039
0.858044
0.445641
0.199587
0.461324
0.958553
0.963506
0.445246
0.575951
0.369575
0.465457
0.848027
0.094363
0.197675
0.898393
0.589542
0.732490
0.619749
0.843555
0.951802
0.955983
0.608617
0.973938
0.300497
0.055230
0.720870
0.755692
0.808692
0.113129
0.081804
0.256078
0.876168
0.939848
0.701719
0.075755
0.401172
0.660272
0.039261
0.846418
0.236223
0.408836
0.311875
0.084250
0.503200
0.509550
0.982643
0.092742
0.242039
0.602392
0.936297
0.193841
0.558374
0.544913
0.167779
0.858871
0.600143
0.888648
0.614563
0.408835
0.001778
0.696366
0.664913
0.877946
0.636214
0.366632
0.953701
0.037387
0.026904
0.992963
0.883804
0.263127
0.401799
0.195679
0.347377
0.904999
0.705229
0.330020
0.997740
0.947268
0.932411
0.934037
0.141109
0.490786
0.478951
0.308888
0.349656
0.079094
0.197537
0.964219
0.487929
0.199314
0.660585
0.152842
0.077260
0.296800
0.519474
0.030962
0.334186
0.546378
0.023924
0.217991
0.809505
0.425723
0.413670
0.156881
0.330722
0.118898
0.486901
0.328462
0.066166
0.419312
0.262500
0.207275
0.910098
0.741451
0.516164
0.259754
0.820545
0.713700
0.223973
0.308474
0.913014
0.884558
0.461316
0.990275
0.181358
0.980790
0.021236
0.515544
0.527168
0.045161
0.733535
0.336673
0.470884
0.147205
0.493554
0.801606
0.266103
0.980455
0.130068
0.332269
0.399768
0.392568
0.539545
0.309866
0.134019
0.055708
0.569620
0.954563
0.769408
0.793593
0.263037
0.682423
0.678152
0.724353
0.672697
0.859510
0.705143
0.693934
0.375054
0.232312
0.739094
0.108590
0.568984
0.209978
0.255794
0.062539
0.011584
0.521898
0.042994
0.141652
0.854167
0.442762
0.534220
0.393712
0.752628
0.668239
0.449420
0.322248
0.622802
0.218828
0.115841
0.885839
0.901251
0.793993
0.610192
0.573948
0.653503
0.315335
0.267882
0.028557
0.547646
0.006976
0.137147
0.116631
0.216954
0.392941
0.179169
0.228538
0.914839
0.222164
0.370190
0.769006
0.664926
0.904410
0.162717
0.417553
0.572649
0.612137
0.739801
0.195451
0.830966
0.855643
0.081289
0.732217
0.649636
0.691481
0.306165
0.303139
0.006816
0.574047
0.331696
0.554462
0.581023
0.468843
0.671093
0.797977
0.861785
0.850262
0.026515
0.776624
0.072426
0.396704
0.545630
0.737352
0.301114
0.708347
0.154905
0.873763
0.320484
0.894706
0.069214
0.151450
0.750349
0.150503
0.883667
0.399985
0.841984
0.189832
0.703124
0.848800
0.763879
0.034820
0.403262
0.344901
0.503664
0.074355
0.142878
0.365449
0.924617
0.169393
0.142072
0.997043
0.566097
0.687702
0.734395
0.867212
0.396049
0.889300
0.740975
0.716534
0.784006
0.810189
0.867984
0.534355
0.960692
0.751650
0.934340
0.802676
0.941482
0.637464
0.651476
0.705361
0.672285
0.054738
0.050262
0.175948
0.129093
0.193140
0.541397
0.053710
0.362533
0.683469
0.050753
0.928630
0.371172
0.785148
0.795842
0.767221
0.674448
0.536816
0.483754
0.458454
0.347005
0.351738
0.992809
0.307697
0.103388
0.927150
0.110373
0.044871
0.564614
0.761849
0.750231
0.236899
0.816587
0.800494
0.412847
0.945679
0.993634
0.954244
0.999389
0.356167
0.637713
0.050142
0.284797
0.008885
0.835290
0.080639
0.776105
0.509738
0.617455
0.259860
0.968191
0.964460
0.611597
0.961001
0.272157
0.714986
0.888150
0.382530
0.759856
0.452764
0.144379
0.510088
0.689663
0.960965
0.310581
0.102510
0.906644
0.304215
0.056753
0.906033
0.660382
0.694467
0.956176
0.945179
0.703351
0.791465
0.025818
0.479457
0.301203
0.643273
0.739316
0.269394
0.607733
0.350914
0.230395
0.879890
0.065900
0.118545
0.262420
0.825756
0.571309
0.406798
0.335843
0.260972
0.367764
0.646425
0.363482
0.274408
0.950640
0.420235
0.180442
0.611022
0.114702
0.136617
0.556201
0.818053
0.928083
0.582019
0.297510
0.229285
0.225292
0.036826
0.498680
0.833025
0.387740
0.729075
0.712914
0.453640
0.847620
0.975334
0.279395
0.418929
0.382132
0.615239
0.679901
0.749896
0.261663
0.043383
0.024304
0.212303
0.463618
0.204746
0.823325
0.578319
0.341363
0.379526
0.396372
0.269446
0.961545
0.693882
0.498731
0.186837
0.730709
0.997411
0.019861
0.118449
0.726486
0.732776
0.572088
0.574105
0.708110
0.851484
0.993034
0.090242
0.466722
0.672936
0.840138
0.728386
0.716318
0.864443
0.940689
0.179936
0.069189
0.764013
0.758255
0.410552
0.143539
0.154628
0.679998
0.105084
0.848510
0.178729
0.291921
0.579219
0.176140
0.311782
0.697667
0.902625
0.044558
0.269756
0.476731
0.752668
0.121240
0.469765
0.842910
0.587962
0.142701
0.683049
0.316348
0.859019
0.547491
0.257036
0.038955
0.616680
0.021050
0.797210
0.027232
0.164589
0.951838
0.707230
0.269673
0.800348
0.885959
0.561594
0.379567
0.062098
0.873377
0.077234
0.964724
0.917935
0.346990
0.441454
0.670603
0.468230
0.911220
0.513513
0.056192
0.053920
0.196562
0.372539
0.912939
0.744053
0.629575
0.951894
0.360734
0.650625
0.749105
0.387966
0.815214
0.700943
0.095196
0.084887
0.501291
0.981154
0.646481
0.880858
0.043253
0.519858
0.958093
0.007976
0.437793
0.305083
0.449431
0.108396
0.773312
0.360650
0.621909
0.829504
0.414571
0.818471
0.202043
0.327510
0.562524
0.831619
0.279404
0.923258
0.482244
0.028509
0.311224
0.297457
0.729452
0.406419
0.382344
0.230744
0.387574
0.028825
0.111602
0.430826
0.548683
0.069695
0.438803
0.986476
0.374778
0.888233
0.094872
0.148090
0.248884
0.716780
0.977594
0.663454
0.535251
0.179638
0.990965
0.097776
0.011256
0.270369
0.021034
0.493500
0.298878
0.332257
0.790958
0.028331
0.738677
0.173302
0.259075
0.126250
0.202127
0.370677
0.557076
0.750810
0.440371
0.995879
0.737286
0.815149
0.884113
0.832158
0.963239
0.132996
0.548938
0.940833
0.796451
0.084190
0.120471
0.787415
0.181965
0.131727
0.057784
0.202999
0.625227
0.356663
0.535256
0.416185
0.384994
0.273933
0.589487
0.644068
0.400183
0.791614
0.014745
0.957260
0.542424
0.455116
0.953139
0.279711
0.270265
0.837251
0.111869
0.233504
0.970248
0.660807
0.174337
0.766699
0.744997
0.294808
0.554114
0.926962
0.426535
0.611898
0.129961
0.051762
0.968561
0.665218
0.467947
0.353555
0.939151
0.057433
0.997623
0.339334
0.849047
0.012368
0.296593
0.391471
0.467484
0.249732
0.671182
0.737749
0.086983
0.783051
0.971254
0.057231
0.443858
0.145591
0.823930
0.188855
0.440399
0.378044
0.115817
0.866934
0.989942
0.245779
0.918696
0.958503
0.910996
0.386642
0.312058
0.850147
0.444076
0.309681
0.189481
0.293123
0.322049
0.486074
0.684594
0.789534
0.735806
0.355776
0.527283
0.822790
0.138827
0.498537
0.880021
0.582685
0.644127
0.703950
0.771540
0.084526
0.081994
0.887357
0.951460
0.071936
0.133136
0.870155
0.030439
0.044132
0.256798
0.342498
0.894279
0.700873
0.652179
0.083760
0.993996
0.974228
0.569834
0.678590
0.763762
0.305640
0.034367
0.291045
0.128429
0.173194
0.789582
0.008450
0.755879
0.433709
0.712400
0.527419
0.518235
0.794394
0.414776
0.469695
0.866330
0.547912
0.339850
0.896770
0.592044
0.596648
0.239267
0.486323
0.297521
0.891446
0.570083
0.291517
0.865675
0.139916
0.970107
0.629437
0.445556
0.004474
0.920482
0.573985
0.177667
0.710063
0.582435
0.933546
0.143773
0.294836
0.460964
0.662008
0.089230
0.875740
0.131703
0.955560
0.423652
0.471553
0.852330
0.015695
0.068200
0.091598
0.502018
0.365721
0.983044
0.072101
0.657238
0.848719
0.212017
0.627345
0.478156
0.657573
0.631819
0.398637
0.231558
0.809487
0.108701
0.813994
0.743032
0.252474
0.108829
0.203997
0.914481
0.198059
0.079737
0.046184
0.153620
0.503389
0.517737
0.005950
0.519084
0.585937
0.097548
0.021102
0.951659
0.080592
0.093203
0.608897
0.929311
0.305220
0.236242
0.407467
0.962792
0.868062
0.806104
0.194351
0.677548
0.914805
0.008345
0.420581
0.167279
0.117174
0.624578
0.081760
0.315234
0.704315
0.127944
0.468854
0.207703
0.645681
0.474804
0.726787
0.231618
0.572352
0.747889
0.183277
0.652944
0.841092
0.792174
0.582256
0.146312
0.028416
0.989723
0.109104
0.896478
0.795827
0.303455
0.574026
0.710632
0.311800
0.994606
0.877911
0.428974
0.619184
0.959672
0.744207
0.323499
0.087616
0.213061
0.531202
0.733297
0.687865
0.257989
0.964916
0.260217
0.005879
0.148193
0.913161
0.846971
0.940366
0.495416
0.993283
0.968783
0.485139
0.102387
0.865260
0.280966
0.405842
0.439286
0.991598
0.717642
0.433893
0.869510
0.146615
0.053077
0.829181
0.890823
0.376576
0.916797
0.103884
0.907778
0.650094
0.791749
0.165767
0.615010
0.051965
0.171646
0.763202
0.965126
0.018617
0.703569
0.460543
0.011899
0.672352
0.945682
0.114286
0.537612
0.226648
0.520128
0.976898
0.218246
0.237770
0.410791
0.087756
0.384385
0.463868
0.916937
0.275208
0.840444
0.833734
0.379092
0.748221
0.483828
0.170841
0.913988
0.098838
0.222806
0.085634
0.862040
0.187932
0.104251
0.565609
0.648475
0.116150
0.237961
0.594157
0.230436
0.775573
0.820805
0.750564
0.752471
0.039051
0.988334
0.163263
0.126807
0.372719
0.627131
0.043745
0.647927
0.467574
0.877479
0.027019
0.215795
0.361307
0.197860
0.129784
0.460145
0.420666
0.215417
0.322186
0.608598
0.319668
0.887795
0.257073
0.435818
0.125756
0.851230
0.666254
0.901329
0.672035
0.416819
0.653800
0.711087
0.405153
0.817063
0.837894
0.777872
0.444193
0.881639
0.425800
0.911768
0.759117
0.452819
0.127563
0.120424
0.650678
0.257347
0.580569
0.071344
0.472764
0.902755
0.679942
0.792432
0.790550
0.937015
0.228250
0.916306
0.788245
0.894505
0.817635
0.460280
0.311323
0.471435
0.171367
0.716477
0.288498
0.009261
0.494349
0.732691
0.890900
0.920149
0.644459
0.650017
0.372967
0.772022
0.770441
0.023646
0.029368
0.351011
0.094989
0.502132
0.253766
0.774931
0.294564
0.044316
0.711946
0.522814
0.960621
0.500191
0.417319
0.778256
0.960471
0.728642
0.249691
0.131838
0.445119
0.538189
0.141099
0.939468
0.270880
0.031999
0.859616
0.915339
0.682015
0.232584
0.687360
0.452457
0.256229
0.716728
0.803467
0.351219
0.218861
0.057233
0.126150
0.513425
0.101549
0.838096
0.036239
0.062170
0.338287
0.453558
0.840426
0.298758
0.182200
0.090118
0.430596
0.627319
0.628306
0.571695
0.566787
0.899186
0.603693
0.426404
0.814525
0.285709
0.658987
0.501885
0.738165
0.915217
0.218614
0.541633
0.266436
0.437474
0.598866
0.392586
0.950899
0.700415
0.230682
0.987138
0.762585
0.568968
0.440696
0.603012
0.867726
0.622897
0.693129
0.298322
0.250216
0.321436
0.870017
0.817003
0.220622
0.473710
0.243407
0.035147
0.759418
0.902394
0.537032
0.497584
0.817611
0.755646
0.039217
0.084046
0.193121
0.638083
0.476632
0.144020
0.338498
0.707314
0.131158
0.101083
0.276282
0.571854
0.704094
0.144008
0.194751
0.397223
0.442331
0.444967
0.718659
0.312347
0.261970
0.939281
0.786057
0.505377
0.974428
0.545476
0.407771
0.511461
0.043060
0.225382
0.267107
0.082276
0.309429
0.460227
0.720359
0.786061
0.604247
0.058857
0.493374
0.735405
0.159939
0.769656
0.307260
0.864033
0.913665
0.502011
0.261257
0.355995
0.946978
0.979915
0.668343
0.208949
0.919196
0.454400
0.714326
0.893625
0.999876
0.122097
0.405085
0.042935
0.347479
0.672192
0.125212
0.656908
0.132419
0.845571
0.442968
0.736667
0.904427
0.936343
0.472072
0.064366
0.705999
0.779332
0.928400
0.619664
0.281343
0.189656
0.975659
0.228322
0.169572
0.644002
0.437270
0.088768
0.098402
0.151596
0.982393
0.098278
0.273693
0.387478
0.141213
0.621173
0.059670
0.266425
0.278080
0.192090
0.111995
0.721049
0.928756
0.016423
0.657391
0.400829
0.080789
0.363390
0.180161
0.009189
0.983054
0.461504
0.198845
0.958713
0.689826
0.368417
0.602715
0.127096
0.457185
0.701117
0.278692
0.439578
0.799395
0.552386
0.827056
0.940608
0.173558
0.886726
0.207032
0.451639
0.078815
0.319028
0.172688
0.007572
0.335450
0.830079
0.408400
0.416239
0.193469
0.588561
0.425428
0.176523
0.050066
0.624273
0.135236
0.739891
0.992690
0.737951
0.866988
0.449875
0.439068
0.145680
0.889453
0.238463
0.698066
0.716509
0.179070
0.871624
0.603235
0.386103
0.323263
0.682051
0.705130
0.495950
0.689622
0.040580
0.326029
0.098023
0.456820
0.519499
0.686584
0.882248
0.696022
0.736650
0.506521
0.831258
0.476541
0.499211
0.569210
0.343529
0.949086
0.008278
0.489209
0.838539
0.246741
0.187275
0.555049
0.425811
0.058899
0.158284
0.811914
0.382161
0.840334
0.517044
0.878112
0.529957
0.557624
0.204141
0.627980
0.014444
0.723640
0.314564
0.896691
0.419662
0.051214
0.403212
0.250920
0.527756
0.902423
0.820130
0.871285
0.851509
0.828408
0.360494
0.690049
0.075149
0.547769
0.245097
0.500960
0.606667
0.403381
0.312873
0.988829
0.243715
0.829917
0.866940
0.773672
0.387542
0.071082
0.401652
0.401985
0.794721
0.716216
0.298677
0.214383
0.767430
0.701889
0.465303
0.295186
0.604312
0.285433
0.166470
0.455821
0.113841
0.526964
0.145870
0.188990
0.074733
0.390967
0.689950
0.681400
0.794348
0.002823
0.670229
0.038063
0.832740
0.537169
0.811735
0.220282
0.608251
0.213387
0.622267
0.402972
0.929603
0.920944
0.617355
0.697034
0.622833
0.082658
0.992219
0.227145
0.368091
0.158689
0.682967
0.481933
0.685653
0.828837
0.670922
0.760386
0.219804
0.360872
0.441786
0.014152
0.363695
0.112014
0.052216
0.196435
0.649183
0.863951
0.416717
0.257434
0.077338
0.038985
0.660406
0.006942
0.959929
0.277761
0.703975
0.582762
0.360419
0.696194
0.809907
0.728511
0.854884
0.492873
0.210443
0.540537
0.321710
0.881366
0.300923
0.541514
0.242238
0.742709
0.555667
0.605933
0.854724
0.607882
0.802368
0.503907
0.471833
0.219085
0.761341
0.549171
0.258070
0.421747
0.556113
0.217999
0.699508
0.260088
0.800760
0.059928
0.956283
0.610667
0.788439
0.811166
0.103540
0.998882
0.351704
0.425251
0.880248
0.652627
0.966765
0.122486
0.395336
0.522432
0.728418
0.250060
0.130314
0.530787
0.753967
0.602147
0.749872
0.515308
0.151318
0.007942
0.937055
0.707431
0.225941
0.636563
0.967520
0.026701
0.696491
0.923802
0.637368
0.484930
0.734968
0.740908
0.483812
0.086672
0.166159
0.364060
0.739299
0.132924
0.486546
0.134635
0.655355
0.214964
0.384694
0.785669
0.745751
0.138661
0.387816
0.495623
0.653969
0.539134
0.503565
0.591024
0.246566
0.729506
0.227587
0.214085
0.756207
0.924078
0.137887
0.393574
0.409008
0.872856
0.134482
0.892820
0.959528
0.300641
0.256880
0.698826
0.433564
0.743426
0.833461
0.088919
0.958390
0.218155
0.874588
0.704141
0.356816
0.262404
0.199764
0.010785
0.801539
0.703329
0.601809
0.048104
0.432835
0.829396
0.262190
0.189041
0.753474
0.400077
0.582615
0.162483
0.272933
0.717097
0.055303
0.232460
0.017738
0.312183
0.931287
0.451302
0.055609
0.764748
0.540221
0.013999
0.982904
0.414810
0.718140
0.339720
0.677214
0.917904
0.350505
0.478753
0.621233
0.952314
0.526857
0.054068
0.781710
0.789047
0.243109
0.535184
0.189124
0.825724
0.697667
0.462056
0.542821
0.752970
0.694517
0.560559
0.065153
0.625804
0.011862
0.120763
0.390552
0.552083
0.134762
0.373455
0.966893
0.852902
0.713175
0.644107
0.770807
0.063680
0.122859
0.392039
0.015994
0.649716
0.446107
0.797704
0.438763
0.689216
0.332888
0.627887
0.514940
0.030555
0.089943
0.057761
0.783525
0.784460
0.618320
0.848678
0.410264
0.630182
0.969441
0.800816
0.182265
0.104203
0.174271
0.149158
0.957106
0.887447
0.793264
0.727912
0.951127
0.916124
0.119952
0.967121
0.565840
0.566059
0.764825
0.004603
0.255274
0.097714
0.632490
0.770214
0.128269
0.722433
0.827975
0.911794
0.506893
0.446295
0.760472
0.917157
0.076477
0.729914
0.717972
0.258742
0.834117
0.892244
0.407899
0.791222
0.779690
0.201164
0.519135
0.730817
0.117287
0.639086
0.697939
0.683127
0.205145
0.462764
0.687730
0.460420
0.560478
0.320220
0.230634
0.688747
0.042653
0.058608
0.600541
0.549545
0.504904
0.361013
0.466702
0.581381
0.090927
0.184674
0.840123
0.925044
0.076918
0.248022
0.716266
0.856609
0.449186
0.235401
0.587426
0.566473
0.874487
0.285365
0.249600
0.079633
0.748129
0.937331
0.540052
0.308607
0.257551
0.770686
0.997353
0.300203
0.829294
0.597894
0.849749
0.334198
0.958907
0.316451
0.915579
0.049834
0.501125
0.755701
0.974878
0.578044
0.003723
0.691144
0.434652
0.452909
0.926545
0.022078
0.019382
0.801032
0.307443
0.268983
0.880665
0.055572
0.206313
0.420717
0.364179
0.463864
0.191403
0.361532
0.764068
0.020697
0.959426
0.613816
0.354895
0.918334
0.930267
0.270473
0.968168
0.431393
0.026175
0.943046
0.009436
0.029898
0.634190
0.444089
0.482807
0.560735
0.466167
0.502190
0.361767
0.773610
0.771172
0.242432
0.829182
0.977486
0.663149
0.193360
0.441350
0.854551
0.554893
0.205417
0.875248
0.514319
0.819234
0.230143
0.432653
0.749501
0.500616
0.400821
0.180894
0.526791
0.343867
0.190330
0.556689
0.978057
0.634419
0.039496
0.538792
0.100585
0.541686
0.900559
0.874195
0.312858
0.142991
0.703377
0.290344
0.806139
0.896737
0.731694
0.660691
0.451630
0.937111
0.535938
0.965949
0.756345
0.766081
0.398601
0.505846
0.266697
0.799422
0.686740
0.793488
0.143289
0.877070
0.350176
0.121346
0.511488
0.389673
0.660138
0.612074
0.931359
0.560697
0.486269
0.244217
0.703688
0.189646
0.534561
0.509827
0.086383
0.266254
0.170518
0.538012
0.203366
0.706456
0.503961
0.959710
0.472537
0.902562
0.465556
0.739234
0.701984
0.152296
0.532722
0.845274
0.029366
0.882898
0.966620
0.540854
0.272571
0.626758
0.152928
0.203929
0.187455
0.639197
0.448146
0.891143
0.828842
0.982707
0.400971
0.915225
0.248962
0.571488
0.453237
0.452327
0.277945
0.957198
0.412038
0.750482
0.859760
0.877594
0.489716
0.561744
0.029889
0.022438
0.407018
0.059255
0.905336
0.373638
0.600109
0.177906
0.000396
0.753037
0.381836
0.187851
0.392233
0.829982
0.078995
0.221075
0.812690
0.479965
0.136300
0.061651
0.051454
0.589537
0.513978
0.329398
0.546734
0.926016
0.079880
0.406494
0.803610
0.569596
0.968239
0.833499
0.592034
0.375257
0.892754
0.497370
0.748894
0.492863
0.675276
0.749290
0.245900
0.057112
0.937142
0.638133
0.887094
0.016136
0.859208
0.699784
0.496101
0.995508
0.761435
0.547555
0.585045
0.275413
0.876953
0.131779
0.201429
0.956834
0.538273
0.005039
0.526430
0.506512
0.838538
0.118464
0.881768
0.731292
0.615834
0.630663
0.224155
0.291110
0.379953
0.470055
0.348222
0.317095
0.108188
0.235316
0.333231
0.967396
0.935100
0.829333
0.962903
0.696535
0.376888
0.547948
0.971948
0.253841
0.679727
0.173377
0.210675
0.218001
0.178416
0.737105
0.724512
0.016954
0.855569
0.606281
0.748246
0.471403
0.236944
0.972402
0.762513
0.616897
0.442456
0.110734
0.933992
0.550644
0.346050
0.267224
0.518039
0.281150
0.096557
0.480943
0.977685
0.473445
0.028891
0.949633
0.727286
0.708618
0.123010
0.937961
0.926619
0.301426
0.675066
0.651131
0.318381
0.530635
0.257412
0.066627
0.002038
0.494356
0.039029
0.764550
0.111253
0.481485
0.875285
0.045246
0.032129
0.221335
0.312470
0.550168
0.502485
0.409026
0.031111
0.480169
0.882471
0.060002
0.429802
0.609757
0.768621
0.552812
0.547718
0.695239
0.854238
0.222784
0.346371
0.172619
0.753419
0.603783
0.239246
0.755457
0.098139
0.278275
0.520007
0.209392
0.759760
0.395292
0.254638
0.791889
0.616627
0.567107
0.342058
0.119111
0.976134
0.373169
0.599280
0.858605
0.433172
0.029082
0.468362
0.201792
0.581894
0.016080
0.897032
0.436132
0.238863
0.243402
0.608751
0.992282
0.847185
0.847998
0.747739
0.945323
0.126273
0.267746
0.154715
0.886033
0.663038
0.409353
0.677923
0.279665
0.976460
0.019981
0.398776
0.952594
0.393150
0.998056
0.811198
0.826322
0.027139
0.279560
0.028114
0.609033
0.295640
0.925146
0.045165
0.534503
0.168548
0.653916
0.526785
0.015733
0.501914
0.274524
0.961056
0.628187
0.542271
0.115772
0.514220
0.205309
0.525125
0.192143
0.484973
0.501585
0.212124
0.883749
0.454178
0.605273
0.881806
0.265377
0.431595
0.908944
0.544937
0.459709
0.517977
0.840576
0.384855
0.563142
0.375079
0.553403
0.217058
0.901864
0.569136
0.718972
0.176389
0.530192
0.347158
0.718659
0.645964
0.861379
0.923968
0.171088
0.053521
0.408942
0.672673
0.265645
0.292691
0.126851
0.870918
0.174497
0.392228
0.302513
0.083441
0.937164
0.762222
0.601418
0.777740
0.147077
0.164559
0.152819
0.700479
0.381617
0.054684
0.269615
0.100589
0.231073
0.799807
0.447747
0.949732
0.445771
0.309126
0.873700
0.616859
0.362647
0.282642
0.289532
0.628292
0.575332
0.416383
0.499211
0.749829
0.808611
0.801724
0.833270
0.745775
0.563946
0.434687
0.523515
0.711023
0.599247
0.676335
0.411502
0.980864
0.731018
0.681117
0.081453
0.962091
0.480924
0.529200
0.911823
0.926695
0.838326
0.785523
0.543553
0.200973
0.068165
0.833085
0.829266
0.643497
0.249468
0.328476
0.393326
0.058079
0.130200
0.226596
0.803854
0.694146
0.661283
0.327369
0.405169
0.260530
0.003704
0.816671
0.241394
0.734722
0.497788
0.322847
0.696813
0.978712
0.852047
0.608636
0.905407
0.690373
0.394159
0.448960
0.891347
0.462323
0.282045
0.720612
0.105820
0.531514
0.049088
0.499147
0.589593
0.179288
0.725742
0.393446
0.873434
0.387026
0.720816
0.278603
0.647556
0.724519
0.095274
0.888950
0.459241
0.593062
0.211797
0.156054
0.571774
0.063844
0.764690
0.477180
0.754217
0.158849
0.926140
0.645563
0.621172
0.208186
0.366176
0.726993
0.739699
0.415264
0.226139
0.329292
0.594552
0.951882
0.722738
0.467987
0.338907
0.443554
0.746590
0.986463
0.168073
0.841863
0.875413
0.627314
0.434925
0.087209
0.783368
0.006699
0.151053
0.548058
0.483880
0.905270
0.706907
0.410020
0.550833
0.328079
0.618206
0.917009
0.055072
0.357905
0.332273
0.281211
0.687197
0.926825
0.233093
0.409935
0.394811
0.572000
0.853488
0.141401
0.558463
0.021561
0.983264
0.433876
0.648875
0.418190
0.521085
0.432244
0.424889
0.672138
0.980302
0.908768
0.577408
0.687209
0.318788
0.128241
0.015289
0.936994
0.045250
0.070361
0.294899
0.377523
0.351572
0.982095
0.304347
0.584665
0.392030
0.699159
0.156665
0.245518
0.840560
0.715128
0.267079
0.823824
0.149004
0.915955
0.242014
0.670089
0.348198
0.666903
0.342228
0.328501
0.575671
0.919636
0.015710
0.894459
0.047877
0.030999
0.831454
0.093127
0.101360
0.126352
0.470650
0.452932
0.108448
0.774997
0.037596
0.500478
0.474156
0.194261
0.745996
0.314715
0.909389
0.013075
0.138539
0.058393
0.929030
0.380553
0.728483
0.277229
0.047455
0.070710
0.605729
0.623127
0.990346
0.621439
0.517586
0.038223
0.652438
0.349040
0.131350
0.753798
0.475392
0.601999
0.206729
0.583840
0.376996
0.244325
0.084317
0.851152
0.438587
0.830313
0.165867
0.347976
0.843389
0.304407
0.406369
0.772419
0.684960
0.134852
0.049647
0.732415
0.205562
0.655376
0.355542
0.195908
0.276816
0.873128
0.234131
0.929254
0.222167
0.365481
0.683051
0.697559
0.967480
0.889780
0.281399
0.344477
0.134106
0.365716
0.195629
0.572692
0.196029
0.361496
0.920668
0.039418
0.665903
0.327038
0.811837
0.350863
0.461889
0.861484
0.083278
0.667451
0.516860
0.438819
0.863359
0.793676
0.311947
0.097490
0.722930
0.534114
0.462971
0.405981
0.231673
0.430451
0.295761
0.513072
0.774928
0.429866
0.878788
0.970557
0.002559
0.074818
0.332053
0.923227
0.114236
0.997956
0.250265
0.926073
0.348819
0.712154
0.787557
0.432096
0.379606
0.304417
0.870916
0.242965
0.098093
0.182863
0.340455
0.821023
0.716977
0.803426
0.227004
0.948651
0.233878
0.522764
0.461723
0.008806
0.952631
0.340511
0.979362
0.955190
0.415329
0.311415
0.878417
0.529565
0.309372
0.128682
0.455638
0.658190
0.840836
0.243195
0.090287
0.220441
0.547612
0.961203
0.463406
0.645706
0.144065
0.803861
0.466729
0.861043
0.607288
0.693732
0.809693
0.841165
0.216497
0.271416
0.849971
0.169128
0.611927
0.829333
0.124317
0.027256
0.140749
0.002734
0.556821
0.450120
0.131416
0.012458
0.108310
0.972252
0.255653
0.198597
0.192693
0.803265
0.159800
0.656099
0.448971
0.303865
0.459961
0.915700
0.164908
0.067248
0.609432
0.974601
0.908414
0.825929
0.246016
0.758384
0.995056
0.857943
0.587718
0.119373
0.885199
0.728466
0.122108
0.442020
0.178586
0.253523
0.454478
0.286897
0.225775
0.710131
0.485494
0.418468
0.513397
0.645293
0.074567
0.962368
0.949158
0.534527
0.878067
0.114066
0.601776
0.487499
0.088666
0.510189
0.313428
0.334683
0.268574
0.308484
0.192626
0.856291
0.427857
0.077825
0.584758
0.549965
0.519844
0.763344
0.803488
0.974322
0.050241
0.029263
0.684454
0.535735
0.447731
0.197850
0.181028
0.522298
0.160218
0.130186
0.056825
0.038285
0.244252
0.658601
0.525785
0.332919
0.168790
0.839212
0.667601
0.437364
0.147697
0.860227
0.293655
0.575554
0.938052
0.878413
0.125519
0.457896
0.641757
0.929007
0.432219
0.691998
0.958270
0.116672
0.227732
0.406001
0.314522
0.408761
0.928299
0.474740
0.538947
0.985124
0.513025
0.783199
0.643725
0.038810
0.116118
0.812515
0.878022
0.783720
0.249878
0.025719
0.643947
0.543533
0.601273
0.581999
0.421946
0.726792
0.039895
0.063703
0.655799
0.472114
0.755701
0.614069
0.588786
0.983433
0.020070
0.903309
0.392194
0.948369
0.378049
0.931141
0.933493
0.891074
0.714340
0.577218
0.929884
0.830458
0.389733
0.807906
0.614178
0.639611
0.833625
0.258125
0.183145
0.434898
0.840124
0.605091
0.161689
0.880019
0.668794
0.817488
0.352133
0.424495
0.431557
0.940919
0.407928
0.451628
0.844228
0.800122
0.399997
0.222277
0.731263
0.333491
0.113351
0.445603
0.910709
0.043234
0.276061
0.300442
0.851140
0.890239
0.940053
0.684765
0.148364
0.123197
0.119663
0.988488
0.728288
0.281352
0.868507
0.397082
0.098840
0.220640
0.821576
0.530398
0.161559
0.229504
0.982026
0.005787
0.029626
0.382023
0.228063
0.760889
0.715514
0.341414
0.206492
0.626222
0.384648
0.482553
0.926664
0.235789
0.372793
0.866717
0.920554
0.521157
0.989914
0.040217
0.509644
0.718202
0.321569
0.378151
0.115284
0.420410
0.598790
0.936860
0.950807
0.760349
0.166364
0.932833
0.766136
0.195991
0.314856
0.994199
0.956880
0.030370
0.335613
0.163372
0.656592
0.720261
0.645925
0.583256
0.956049
0.018718
0.449973
0.876603
0.539875
0.439887
0.916820
0.049519
0.158089
0.238389
0.427670
0.273372
0.658799
0.026460
0.210232
0.609606
0.786810
0.376597
0.542439
0.552946
0.572587
0.857295
0.547145
0.529467
0.887665
0.882757
0.692839
0.544257
0.603018
0.338764
0.127514
0.559068
0.357483
0.577487
0.435671
0.897357
0.017373
0.352491
0.946876
0.175462
0.590880
0.374546
0.448834
0.249679
0.401007
0.659066
0.859285
0.187817
0.035662
0.401724
0.740762
0.608250
0.259019
0.287907
0.137717
0.146685
0.170664
0.830556
0.690942
0.773682
0.169320
0.818456
0.332750
0.526803
0.395942
0.768421
0.424160
0.413315
0.120912
0.371037
0.588777
0.711792
0.745583
0.037611
0.961470
0.146590
0.696677
0.820755
0.334407
0.732339
0.222479
0.075169
0.340589
0.481498
0.363076
0.478306
0.628183
0.533740
0.308861
0.319125
0.307423
0.478182
0.137580
0.640173
0.004984
0.533522
0.408594
0.429144
0.946837
0.529505
0.800181
0.535615
0.241297
0.545764
0.573225
0.202767
0.692354
0.269902
0.023522
0.026761
0.002241
0.246001
0.101930
0.342830
0.727499
0.465006
0.821136
0.355682
0.998746
0.129997
0.674806
0.306169
0.608179
0.812386
0.946341
0.613163
0.345908
0.354935
0.042307
0.292746
0.884440
0.842488
0.828360
0.125737
0.388252
0.401586
0.328504
0.080606
0.671488
0.352025
0.107367
0.673729
0.598026
0.209297
0.016560
0.325525
0.674302
0.837696
0.681206
0.673048
0.967693
0.356012
0.979217
0.575872
0.168399
0.925558
0.189035
0.514307
0.280493
0.231342
0.807053
0.164934
0.073830
0.635414
0.290670
0.462082
0.037000
0.619174
0.542688
0.708488
0.971200
0.650055
0.382217
0.569226
0.859352
0.398777
0.894751
0.533654
0.236472
0.575957
0.206702
0.204165
0.931969
0.185919
0.780037
0.100368
0.111477
0.969071
0.614675
0.391971
0.200413
0.421729
0.556904
0.274243
0.057142
0.847575
0.736325
0.094142
0.466749
0.279014
0.802629
0.437949
0.929069
0.184846
0.007174
0.788420
0.583623
0.901925
0.322074
0.820095
0.477882
0.528776
0.024261
0.409851
0.714695
0.804297
0.510219
0.826173
0.773369
0.124895
0.218143
0.973782
0.546623
0.775048
0.248025
0.603766
0.622622
0.984350
0.697908
0.089371
0.263364
0.500537
0.527320
0.192433
0.685383
0.534495
0.980853
0.269007
0.436420
0.302927
0.089102
0.914302
0.831703
0.113363
0.324153
0.546399
0.917660
0.834372
0.372571
0.691028
0.959267
0.590714
0.664810
0.505891
0.365762
0.912835
0.109656
0.988385
0.897185
0.807564
0.077756
0.160549
0.308101
0.605076
0.352982
0.993484
0.139571
0.333835
0.262491
0.575991
0.636762
0.351593
0.490292
0.468465
0.464955
0.814445
0.014864
0.382615
0.648817
0.387435
0.073644
0.608084
0.978149
0.738454
0.113975
0.343911
0.651289
0.223631
0.332296
0.548474
0.031195
0.410052
0.709023
0.339296
0.015128
0.062005
0.332781
0.154699
0.395840
0.595272
0.730690
0.032602
0.946864
0.220982
0.501067
0.411820
0.035427
0.515930
0.794435
0.684244
0.903365
0.868079
0.292329
0.881514
0.606533
0.406304
0.225426
0.257821
0.629935
0.557722
0.806295
0.661130
0.967773
0.515319
0.000426
0.982901
0.577324
0.333207
0.137600
0.973164
0.928479
0.868290
0.005765
0.875343
0.089272
0.506832
0.287163
0.124698
0.022762
0.081598
0.808942
0.926128
0.949677
0.101271
0.807642
0.556210
0.507574
0.033068
0.814031
0.137509
0.590789
0.620327
0.798640
0.558563
0.135645
0.799066
0.541464
0.712969
0.132273
0.679064
0.686133
0.060752
0.547354
0.691898
0.936095
0.636626
0.198730
0.223258
0.761324
0.221492
0.304856
0.570266
0.147619
0.254533
0.671537
0.955261
0.810743
0.179112
0.988329
0.624774
0.316621
0.579118
0.245101
0.115261
0.137681
0.380746
0.914327
0.679145
0.093715
0.046600
0.358209
0.779848
0.107351
0.905563
0.471746
0.043446
0.542189
0.670476
0.266704
0.303513
0.891968
0.571560
0.873780
0.039587
0.826093
0.545317
0.994848
0.636836
0.724428
0.983178
0.261611
0.041050
0.562296
0.506712
0.156310
0.699977
0.887458
0.070637
0.379122
0.981174
0.117236
0.737331
0.761022
0.224588
0.642894
0.232768
0.268034
0.185084
0.903243
0.534738
0.488597
0.795211
0.106298
0.362376
0.834798
0.932391
0.907693
0.829646
0.569228
0.632121
0.812824
0.830839
0.673171
0.375120
0.337551
0.829481
0.075096
0.225009
0.900118
0.454218
0.206182
0.017354
0.191549
0.967204
0.241942
0.834443
0.199972
0.509976
0.019527
0.103215
0.044714
0.508124
0.898426
0.151012
0.870500
0.733224
0.083404
0.778193
0.562870
0.652632
0.410314
0.375694
0.483470
0.083485
0.750814
0.821021
0.912966
0.825910
0.046030
0.813084
0.280128
0.252212
0.830439
0.471677
0.219416
0.072381
0.306121
0.419388
0.582357
0.325648
0.522604
0.627071
0.833772
0.421030
0.778083
0.704271
0.154254
0.861487
0.482464
0.717124
0.514119
0.892778
0.092818
0.997589
0.976263
0.843632
0.818610
0.889230
0.669542
0.864640
0.702314
0.949670
0.116852
0.532752
0.421348
0.336269
0.605133
0.727469
0.755657
0.187490
0.053116
0.278260
0.814561
0.886888
0.699290
0.592644
0.591159
0.853544
0.454131
0.073623
0.570668
0.968250
0.966402
0.663486
0.965839
0.942665
0.507118
0.784449
0.831894
0.176660
0.649089
0.534208
0.126330
0.765941
0.066961
0.547678
0.102209
0.672094
0.275146
0.857866
0.859584
0.328263
0.136127
0.674145
0.215151
0.835417
0.266789
0.806310
0.688961
0.720921
0.879933
0.259629
0.689171
0.846335
0.923115
0.655010
0.789000
0.430233
0.439459
0.620894
0.606893
0.088547
0.155102
0.733223
0.854488
0.222063
0.280900
0.956698
0.894157
0.556047
0.814564
0.753741
0.884309
0.950691
0.427886
0.099460
0.786108
0.694675
0.905770
0.475069
0.415596
0.785703
0.734698
0.104767
0.632038
0.657813
0.759776
0.421038
0.088046
0.199235
0.041932
0.694938
0.287783
0.197035
0.428161
0.142271
0.419098
0.709061
0.098969
0.313255
0.265108
0.913533
0.066996
0.149417
0.864224
0.494882
0.248877
0.650332
0.189557
0.154647
0.125402
0.605153
0.940350
0.860100
0.709920
0.572389
0.517913
0.469696
0.993427
0.605959
0.668931
0.035359
0.300897
0.956714
0.232394
0.729058
0.098985
0.651492
0.438119
0.197954
0.964747
0.703227
0.111487
0.031743
0.852644
0.975711
0.526624
0.101521
0.626044
0.716181
0.256168
0.751445
0.321334
0.196518
0.611545
0.031254
0.768907
0.129458
0.500950
0.762334
0.735417
0.169882
0.797693
0.036314
0.126595
0.030088
0.765372
0.225580
0.681580
0.203491
0.423534
0.646327
0.906718
0.535021
0.678070
0.759361
0.510732
0.204694
0.860882
0.136776
0.920875
0.117049
0.888221
0.242209
0.313567
0.499766
0.273463
0.082474
0.629224
0.774414
0.844808
0.364641
0.944295
0.642501
0.400955
0.070891
0.672589
0.166327
0.296471
0.354169
0.369818
0.720005
0.000496
0.276535
0.255026
0.678566
0.035897
0.765758
0.883260
0.896779
0.902534
0.804135
0.013828
0.790755
0.046344
0.327395
0.290521
0.319807
0.409870
0.919745
0.094221
0.254678
0.284387
0.038516
0.897179
0.685342
0.109407
0.569768
0.851669
0.405878
0.923937
0.221487
0.125883
0.924433
0.498022
0.380909
0.602999
0.533919
0.146667
0.486259
0.430698
0.049201
0.290393
0.444525
0.839955
0.336737
0.771921
0.130477
0.656545
0.181790
0.050222
0.750766
0.436468
0.334609
0.789282
0.333647
0.019950
0.898688
0.903416
0.871619
0.304566
0.827353
0.093106
0.430449
0.751786
0.591128
0.811358
0.354785
0.125047
0.958024
0.841044
0.555745
0.007225
0.131438
0.000270
0.847181
0.468175
0.772191
0.977657
0.124720
0.953982
0.027879
0.875485
0.390450
0.362488
0.664767
0.724097
0.382438
0.563455
0.627513
0.254057
0.868021
0.454866
0.347164
0.298470
0.206653
0.938292
0.109828
0.561438
0.063339
0.067852
0.402482
0.619084
0.075077
0.533920
0.619355
0.922258
0.002095
0.391546
0.899915
0.126815
0.345528
0.927794
0.002300
0.735978
0.290282
0.667067
0.460075
0.672720
0.230523
0.087588
0.926777
0.098544
0.542454
0.273941
0.397014
0.749107
0.212233
0.506842
0.310545
0.275572
0.574695
0.713027
0.894657
0.649772
0.246947
0.514012
0.572030
0.249042
0.905558
0.471945
0.375856
0.251086
0.399739
0.378157
0.987064
0.690021
0.045224
0.447139
0.362741
0.275747
0.534727
0.289518
0.374291
0.077181
0.563459
0.771305
0.826288
0.775691
0.278148
0.136833
0.051264
0.852842
0.849860
0.945920
0.502614
0.096806
0.459932
0.074644
0.345848
0.365490
0.546589
0.721704
0.616575
0.946328
0.099861
0.603639
0.636349
0.145085
0.050778
0.999090
0.420832
0.585505
0.288607
0.795123
0.662686
0.852066
0.566428
0.488973
0.627757
0.844576
0.625806
0.679021
0.697418
0.475666
0.624941
0.200032
0.572472
0.084873
0.274676
0.918320
0.450363
0.821265
0.640024
0.066939
0.767594
0.739885
0.670578
0.403943
0.884970
0.721355
0.403033
0.305802
0.306860
0.691640
0.100925
0.969546
0.543706
0.667353
0.458519
0.171463
0.511928
0.084325
0.850484
0.209346
0.559991
0.475426
0.409378
0.132462
0.560299
0.684054
0.050782
0.010662
0.505320
0.690807
0.077601
0.272913
0.430692
0.748179
0.676856
0.315662
0.469534
0.079889
0.621465
0.776394
0.771529
0.722389
0.745940
0.315235
0.389742
0.204458
0.486698
0.901670
0.288783
0.337182
0.111016
0.848774
0.812608
0.520393
0.981236
0.372908
0.204448
0.032019
0.383570
0.709767
0.722825
0.461171
0.982680
0.153517
0.209350
0.659537
0.469180
0.678884
0.739425
0.090644
0.455278
0.510954
0.813034
0.201217
0.826188
0.202775
0.405676
0.312886
0.104445
0.694459
0.650069
0.215461
0.543233
0.462677
0.735854
0.524469
0.835585
0.940302
0.556488
0.219155
0.650069
0.279313
0.680326
0.632749
0.432831
0.889676
0.292286
0.902011
0.568560
0.031711
0.992655
0.023838
0.542665
0.805689
0.225055
0.368853
0.008464
0.630731
0.681740
0.112910
0.325191
0.331809
0.328371
0.868424
0.794486
0.064225
0.392893
0.630071
0.004527
0.949381
0.849226
0.654596
0.228695
0.529553
0.287345
0.661526
0.419229
0.579631
0.563536
0.987789
0.611342
0.556192
0.011627
0.154007
0.361880
0.236682
0.522860
0.370345
0.867413
0.204600
0.483254
0.192604
0.536409
0.811625
0.061028
0.330895
0.875850
0.453921
0.960966
0.880377
0.403302
0.810193
0.534972
0.631997
0.339745
0.822318
0.293523
0.758974
0.401949
0.857059
0.746763
0.013291
0.413251
0.758389
0.167298
0.775131
0.995071
0.690158
0.145476
0.862484
0.894758
0.628730
0.055088
0.431167
0.440355
0.116116
0.762063
0.316205
0.570036
0.723029
0.196581
0.973339
0.533222
0.731554
0.605336
0.872967
0.553871
0.898858
0.631941
0.955820
0.755918
0.378703
0.969111
0.169168
0.137092
0.136408
0.944300
0.132163
0.826566
0.089776
0.994647
0.721325
0.718506
0.049735
0.152492
0.158860
0.165851
0.914555
0.475065
0.735887
0.637584
0.671646
0.709226
0.170805
0.403200
0.314562
0.043772
0.957071
0.213420
0.675713
0.912891
0.969338
0.054416
0.882001
0.138506
0.191509
0.018410
0.082806
0.323672
0.844976
0.172581
0.318319
0.566301
0.891087
0.368055
0.718793
0.049947
0.533906
0.633347
0.525012
0.269793
0.270931
0.196658
0.979019
0.441736
0.599858
0.293580
0.485508
0.556929
0.507000
0.161221
0.469819
0.476338
0.215638
0.351821
0.614844
0.407147
0.370230
0.697650
0.730819
0.215206
0.870231
0.049138
0.781507
0.761318
0.417193
0.500300
0.811265
0.951098
0.133647
0.336277
0.220891
0.404578
0.532936
0.199910
0.846314
0.132793
0.493490
0.331823
0.689722
0.000490
0.493044
0.159541
0.476827
0.708682
0.511362
0.091671
0.115828
0.881592
0.789321
0.846647
0.096798
0.659552
0.895785
0.878305
0.420870
0.312978
0.378604
0.232135
0.264076
0.512251
0.568412
0.484967
0.916829
0.101348
0.684877
0.763144
0.234141
0.178366
0.094966
0.923863
0.178856
0.588010
0.083405
0.655683
0.296692
0.594767
0.747354
0.412520
0.476359
0.536675
0.259167
0.573157
0.196227
0.154952
0.451462
0.617096
0.467929
0.830066
0.849231
0.732005
0.342317
0.417643
0.216972
0.259147
0.518991
0.901849
0.022290
0.753132
0.080215
0.117256
0.676995
0.259071
0.705266
0.760400
0.914754
0.001958
0.355166
0.662109
0.414478
0.831525
0.198784
0.673645
0.404682
0.395011
0.828596
0.856143
0.012107
0.296526
0.686209
0.861339
0.028531
0.028526
0.278982
0.245504
0.287673
0.797973
0.147353
0.309963
0.551104
0.227568
0.427219
0.228099
0.486639
0.132485
0.988499
0.401393
0.134443
0.343665
0.063502
0.548921
0.175190
0.262286
0.222566
0.579872
0.657297
0.051162
0.436015
0.669405
0.347688
0.122224
0.530743
0.376220
0.150750
0.809725
0.621723
0.438423
0.607698
0.769076
0.748386
0.158802
0.996644
0.175605
0.386901
0.483283
0.308091
0.375401
0.884676
0.442534
0.719066
0.948178
0.991455
0.894256
0.210464
0.214021
0.474128
0.867762
0.265183
0.910143
0.537166
0.612871
0.032367
0.067909
0.989091
0.183118
0.877634
0.610814
0.621541
0.485332
0.379890
0.369927
0.644134
0.376533
0.545532
0.031035
0.859816
0.853623
0.406436
0.744492
0.296156
0.125502
0.692670
0.287611
0.019758
0.903135
0.501632
0.493886
0.770896
0.766815
0.404029
0.308063
0.379687
0.436396
0.375972
0.368777
0.619514
0.253607
0.979591
0.241055
0.738939
0.359481
0.610981
0.383073
0.736015
0.156514
0.414108
0.595831
0.010136
0.820544
0.340323
0.306293
0.946046
0.032994
0.593904
0.965804
0.936129
0.095536
0.459690
0.707025
0.862352
0.863719
0.015088
0.242038
0.300115
0.391060
0.610816
0.919629
0.644666
0.590407
0.160684
0.383605
0.949888
0.771665
0.766678
0.685903
0.928179
0.180786
0.281734
0.938315
0.001329
0.622057
0.244608
0.947375
0.655051
0.838513
0.913179
0.591179
0.934049
0.372869
0.298204
0.796401
0.236588
0.313292
0.038439
0.536703
0.704352
0.649254
0.456332
0.349018
0.239661
0.617016
0.732623
0.189550
0.388682
0.499300
0.875453
0.316861
0.680086
0.157187
0.255176
0.681415
0.779244
0.499785
0.628790
0.434295
0.338297
0.541969
0.025474
0.272346
0.914838
0.323678
0.068747
0.151425
0.636970
0.107185
0.688128
0.341322
0.756440
0.144460
0.690340
0.996101
0.761477
0.422963
0.185651
0.150158
0.922263
0.061103
0.467019
0.602349
0.218290
0.722195
0.283764
0.997534
0.221980
0.912554
0.431829
0.560277
0.454523
0.457303
0.832623
0.369361
0.780982
0.901370
0.520786
0.417952
0.008555
0.208914
0.759274
0.764995
0.353374
0.449613
0.761096
0.114851
0.872576
0.946746
0.265009
0.794839
0.007850
0.732028
0.397187
0.226140
0.454224
0.680952
0.223674
0.676204
0.593506
0.655503
0.236481
0.048029
0.112806
0.069104
0.417390
0.893788
0.970474
0.938176
0.311740
0.979029
0.147090
0.071013
0.744023
0.500465
0.520627
0.505119
0.615316
0.393203
0.451865
0.880325
0.188041
0.459715
0.612353
0.585229
0.685854
0.066577
0.266180
0.909528
0.742781
0.859686
0.565031
0.979261
0.907716
0.677838
0.048365
0.325106
0.571625
0.018839
0.263282
0.883365
0.997868
0.410372
0.954378
0.741891
0.910837
0.475005
0.247010
0.526152
0.868208
0.698875
0.406477
0.056249
0.158590
0.018831
0.641478
0.844445
0.085408
0.907659
0.753973
0.828188
0.767345
0.319005
0.807450
0.675060
0.996842
0.855815
0.000166
0.568468
0.874654
0.263448
0.451833
0.872521
0.673820
0.406211
0.614413
0.584657
0.881217
0.861423
0.110809
0.749424
0.560298
0.517287
0.805674
0.718889
0.536117
0.447152
0.563333
0.621525
0.354810
0.317306
0.449713
0.122155
0.636311
0.257163
0.797216
0.633153
0.112978
0.797382
0.201621
0.987631
0.060830
0.653454
0.860153
0.734650
0.059665
0.474566
0.319307
0.940882
0.335989
0.430116
0.690306
0.896287
0.947403
0.495980
0.615176
0.483520
0.943132
0.178509
0.105045
0.297942
0.495816
0.554758
0.420098
0.132127
0.811921
0.217313
0.765280
0.924899
0.014695
0.966901
0.912530
0.075525
0.620355
0.772683
0.810175
0.680021
0.247249
0.129482
0.620903
0.583238
0.559598
0.311209
0.479525
0.507000
0.807189
0.094701
0.990520
0.750321
0.273210
0.095565
0.048263
0.769025
0.650324
0.468360
0.901152
0.462245
0.685674
0.666432
0.387144
0.700369
0.633334
0.299675
0.775894
0.253689
0.072358
0.586069
0.933710
0.319607
0.715551
0.554613
0.902845
0.275149
0.865822
0.382370
0.782149
0.673011
0.477070
0.772670
0.423331
0.750280
0.868235
0.471594
0.519305
0.518559
0.939954
0.420457
0.980804
0.625628
0.086889
0.367948
0.325997
0.720223
0.667623
0.101891
0.973912
0.739981
0.687961
0.907622
0.059588
0.403512
0.462235
0.962433
0.678660
0.328056
0.344803
0.460810
0.001067
0.821873
0.233479
0.424398
0.572153
0.101714
0.895992
0.091458
0.620273
0.835947
0.511915
0.601077
0.461575
0.598805
0.969026
0.787572
0.319028
0.636649
0.889464
0.292940
0.376630
0.577424
0.200562
0.436218
0.980936
0.662796
0.398651
0.659596
0.990853
0.743454
0.120406
0.991920
0.565327
0.353885
0.416318
0.137480
0.455599
0.312311
0.228938
0.075872
0.148258
0.740853
0.676949
0.609833
0.339657
0.645975
0.397405
0.658685
0.282624
0.286869
0.951625
0.659254
0.864293
0.152187
0.095472
0.845229
0.814983
0.494124
0.504825
0.805836
0.237578
0.625231
0.797756
0.802905
0.979116
0.214074
0.940384
0.434715
0.526384
0.169322
0.510587
0.674642
0.910175
0.187536
0.284475
0.249832
0.833511
0.681880
0.908518
0.116135
0.968748
0.860143
0.775389
0.833041
0.012329
0.870861
0.678269
0.827312
0.364984
0.183094
0.633148
0.602562
0.808325
0.430904
0.405467
0.787440
0.644977
0.345851
0.222155
0.171362
0.515173
0.732742
0.846004
0.425348
0.920278
0.130478
0.675181
0.753790
0.812358
0.583699
0.869925
0.781106
0.443841
0.645313
0.614147
0.456170
0.516174
0.292416
0.283482
0.881159
0.475511
0.916630
0.483721
0.283835
0.347534
0.889187
0.071276
0.992511
0.235039
0.293431
0.163873
0.750212
0.026173
0.009877
0.175560
0.946451
0.140355
0.850741
0.700241
0.952713
0.434440
0.570166
0.733819
0.878281
0.215479
0.347966
0.334451
0.731654
0.640382
0.617934
0.612812
0.115892
0.534564
0.096533
0.399728
0.882098
0.985720
0.471004
0.874609
0.220759
0.764435
0.038482
0.970971
0.790608
0.048359
0.146532
0.737059
0.188714
0.997273
0.437300
0.141427
0.431713
0.007466
0.875246
0.309994
0.222946
0.223212
0.644445
0.954599
0.863594
0.262379
0.567412
0.979486
0.796943
0.663945
0.379214
0.679041
0.649665
0.850218
0.553650
0.870424
0.614652
0.592132
0.841395
0.405260
0.640491
0.987927
0.142319
0.829206
0.985200
0.579619
0.970633
0.416913
0.587086
0.845879
0.726907
0.810031
0.069090
0.371352
0.764631
0.932684
0.633730
0.332042
0.912170
0.430673
0.995987
0.291384
0.109714
0.645652
0.141602
0.663364
0.516076
0.756254
0.255496
0.357471
0.161514
0.895988
0.345398
0.303833
0.725193
0.330598
0.883452
0.695826
0.747511
0.470538
0.541705
0.474418
0.280569
0.610795
0.845769
0.045200
0.543480
0.479500
0.377242
0.455650
0.910173
0.373229
0.747034
0.019887
0.018880
0.888635
0.683250
0.534956
0.644889
0.938747
0.892427
0.806403
0.834734
0.237825
0.110235
0.559928
0.568423
0.993688
0.255754
0.315934
0.464225
0.797459
0.790352
0.744795
0.408254
0.636121
0.789994
0.951734
0.115621
0.167236
0.407383
0.025794
0.540465
0.154417
0.045680
0.559345
0.043052
0.728931
0.094301
0.687941
0.667678
0.986729
0.494344
0.502412
0.224554
0.604579
0.062339
0.792977
0.598267
0.318093
0.108911
0.062492
0.115552
0.899263
0.807287
0.523806
0.535384
0.597281
0.475539
0.651005
0.764517
0.882923
0.676799
0.304982
0.037340
0.722479
0.864328
0.080392
0.451410
0.958629
0.768333
0.119088
0.945358
0.262677
0.621500
0.169912
0.867257
0.683839
0.962889
0.465524
0.001932
0.071800
0.528016
0.117484
0.971063
0.335303
0.641290
0.506447
0.932584
0.116829
0.157452
0.697101
0.999752
0.834251
0.002084
0.037092
0.556731
0.866411
0.117484
0.008141
0.825040
0.885817
0.127229
0.770398
0.148494
0.748729
0.940310
0.015751
0.432568
0.903198
0.481275
0.434500
0.974998
0.009291
0.551984
0.946061
0.344594
0.193273
0.452509
0.277178
0.310103
0.609961
0.974279
0.309855
0.444213
0.976363
0.346946
0.000943
0.842774
0.464430
0.009084
0.667815
0.350247
0.136313
0.438213
0.498741
0.885042
0.378522
0.514493
0.317610
0.281721
0.995768
0.752110
0.256719
0.005059
0.304093
0.202781
0.349653
0.497367
0.655290
0.626831
0.807469
0.265251
0.601110
0.117324
0.709463
0.577473
0.464270
0.710407
0.420247
0.928700
0.719491
0.088062
0.278947
0.855805
0.526275
0.777688
0.740847
0.904797
0.292181
0.058456
0.186518
0.287949
0.810566
0.443237
0.293008
0.114659
0.646018
0.642660
0.612026
0.301308
0.269491
0.419495
0.566559
0.870601
0.536819
0.276022
0.448074
0.001089
0.986428
0.868322
0.929789
0.705919
0.956384
0.208736
0.561724
0.482659
0.986425
0.302571
0.387456
0.278606
0.361027
0.573974
0.566555
0.171593
0.017211
0.859562
0.286252
0.663230
0.502223
0.898278
0.964538
0.771714
0.317773
0.531096
0.642315
0.854592
0.807118
0.090390
0.855681
0.793546
0.958711
0.785470
0.499466
0.915095
0.994207
0.061190
0.397754
0.980631
0.363760
0.785210
0.259237
0.724787
0.359184
0.825792
0.896380
0.376396
0.685354
0.182632
0.039625
0.187577
0.080909
0.004163
0.959291
0.398682
0.535259
0.601606
0.253274
0.342377
0.691995
0.108955
0.135923
0.650707
0.894425
0.635388
0.565802
0.888632
0.696578
0.963556
0.869263
0.060338
0.748766
0.128500
0.785125
0.107951
0.954292
0.681505
0.484346
0.639647
0.864136
0.523971
0.827224
0.945046
0.528134
0.786514
0.343728
0.063393
0.388120
0.597002
0.405770
0.080116
0.705957
0.541692
0.730822
0.600382
0.177081
0.296625
0.489014
0.873658
0.260181
0.358277
0.933996
0.008947
0.486777
0.719121
0.116898
0.441070
0.400626
0.601244
0.080716
0.264762
0.125215
0.907940
0.209808
0.653350
0.694455
0.553535
0.716742
0.082575
0.150537
0.122512
0.162691
0.856494
0.664204
0.893513
0.456876
0.841285
0.190138
0.945890
0.714943
0.450319
0.304167
0.648939
0.459266
0.790945
0.368060
0.576164
0.232014
0.768686
0.177408
0.312731
0.033448
0.302623
0.220671
0.243256
0.955973
0.915125
0.796791
0.672715
0.997700
0.947328
0.795227
0.160391
0.803822
0.459432
0.053904
0.260698
0.300716
0.244041
0.206588
0.015659
0.694360
0.510756
0.664599
0.153626
0.301700
0.032659
0.729790
0.533714
0.801345
0.907198
0.846445
0.834793
0.209822
0.067116
0.078049
0.165795
0.982241
0.874840
0.838510
0.979941
0.822168
0.633737
0.140332
0.625990
0.093169
0.194236
0.886688
0.393885
0.438277
0.093277
0.409545
0.132637
0.604032
0.074143
0.286264
0.905733
0.106803
0.016054
0.439447
0.908148
0.923252
0.285892
0.742941
0.133074
0.353008
0.820989
0.298869
0.335249
0.695829
0.137379
0.315190
0.517997
0.771116
0.455522
0.143987
0.864285
0.649757
0.030675
0.258170
0.088035
0.123952
0.667715
0.220672
0.727984
0.741858
0.506935
0.633717
0.848661
0.522989
0.073164
0.756809
0.446241
0.359056
0.499749
0.579315
0.712064
0.320739
0.878184
0.047313
0.016568
0.015563
0.362503
0.534564
0.786679
0.818025
0.678551
0.650964
0.467782
0.709226
0.909134
0.555817
0.833178
0.576849
0.776489
0.561162
0.318707
0.283424
0.194879
0.167368
0.806413
0.268043
0.924177
0.252654
0.627099
0.423926
0.831970
0.339162
0.744665
0.710154
0.386475
0.761233
0.725716
0.748978
0.295797
0.512395
0.567003
0.974349
0.163359
0.034785
0.683575
0.072493
0.590602
0.516752
0.649342
0.367091
0.077915
0.968050
0.650515
0.272793
0.135418
0.456928
0.540836
0.059595
0.709582
0.167935
0.483522
0.541552
0.507097
0.228187
0.251705
0.893572
0.989420
0.977422
0.642551
0.285217
0.489817
0.209554
0.259565
0.653176
0.244339
0.943140
0.725670
0.834941
0.459893
0.375012
0.202032
0.537807
0.343062
0.852546
0.810600
0.478480
0.309474
0.351436
0.538075
0.019056
0.519371
0.021597
0.560607
0.026468
0.249783
0.812313
0.920041
0.239203
0.789735
0.562591
0.524420
0.279552
0.772145
0.783985
0.932728
0.016484
0.727125
0.658398
0.851425
0.187018
0.033410
0.053457
0.724825
0.376471
0.906003
0.535425
0.854951
0.215477
0.886861
0.393026
0.234533
0.406232
0.414623
0.795140
0.432701
0.664406
0.607453
0.352741
0.903609
0.397188
0.915333
0.428028
0.676740
0.687478
0.212013
0.609468
0.703961
0.939138
0.267866
0.555386
0.126156
0.301275
0.608843
0.850980
0.677747
0.514846
0.386405
0.532698
0.730323
0.273266
0.925724
0.964856
0.679499
0.340347
0.759996
0.112200
0.004753
0.367449
0.464941
0.908361
0.764637
0.380274
0.336389
0.441376
0.067751
0.548402
0.050844
0.771713
0.487540
0.318710
0.327099
0.613696
0.619985
0.935942
0.464676
0.297731
0.450788
0.851081
0.830429
0.181111
0.124348
0.756153
0.145966
0.803847
0.096500
0.905962
0.916046
0.101252
0.273411
0.380987
0.009613
0.038048
0.761261
0.346002
0.479424
0.829013
0.894405
0.530269
0.600725
0.381945
0.848978
0.927825
0.995641
0.468963
0.863767
0.460317
0.766695
0.314555
0.311398
0.597124
0.495665
0.435746
0.353277
0.641632
0.239592
0.449777
0.547594
0.155638
0.551029
0.821005
0.536626
0.560642
0.859053
0.297887
0.906644
0.338477
0.126899
0.801049
0.868746
0.727625
0.182994
0.717724
0.655449
0.178634
0.186688
0.519216
0.638951
0.953382
0.833771
0.950349
0.550506
0.329436
0.386095
0.903783
0.971067
0.625687
0.353560
0.518661
0.781325
0.904589
0.339666
0.317951
0.465231
0.198719
0.615838
0.371875
0.537196
0.742738
0.172924
0.405942
0.470362
0.355917
0.123666
0.125812
0.534552
0.310354
0.645028
0.173503
0.263736
0.478799
0.123852
0.814242
0.808235
0.509947
0.718025
0.779302
0.135634
0.071585
0.297963
0.916959
0.976174
0.637629
0.234910
0.441404
0.836348
0.850748
0.813279
0.373544
0.593486
0.986203
0.779486
0.063848
0.342120
0.903152
0.189660
0.876672
0.213506
0.834688
0.050175
0.477241
0.313487
0.174027
0.291484
0.121721
0.683974
0.009509
0.901023
0.819607
0.081094
0.198986
0.736567
0.057267
0.836615
0.971477
0.498672
0.672963
0.822225
0.311951
0.046507
0.415711
0.298153
0.825993
0.479560
0.640274
0.729145
0.669220
0.516946
0.942651
0.503908
0.567121
0.419892
0.817395
0.741148
0.711376
0.939117
0.425122
0.720885
0.840140
0.244729
0.801979
0.039126
0.981296
0.859246
0.875742
0.952773
0.357918
0.548705
0.774998
0.669868
0.595213
0.190709
0.968022
0.421206
0.670269
0.608295
0.150351
0.339489
0.125241
0.093002
0.843397
0.692362
0.512895
0.660793
0.433510
0.224271
0.599909
0.858631
0.945156
0.440049
0.103360
0.747134
0.479176
0.084656
0.606380
0.354918
0.037428
0.964298
0.903623
0.812426
0.634166
0.498836
0.003136
0.602188
0.920042
0.673405
0.210483
0.070394
0.012894
0.335724
0.163396
0.856292
0.028086
0.676291
0.517084
0.461595
0.900562
0.116994
0.320226
0.845718
0.557043
0.423587
0.592852
0.036219
0.508242
0.199233
0.391137
0.545671
0.163531
0.294760
0.358097
0.797697
0.793596
0.361233
0.399885
0.713638
0.034638
0.610367
0.784032
0.047532
0.946091
0.947428
0.903823
0.974177
0.623719
0.420908
0.435772
0.524281
0.537901
0.755999
0.369999
0.094944
0.179585
0.962851
0.131163
0.687827
0.162084
0.522300
0.233498
0.325615
0.817060
0.591595
0.123312
0.610656
0.952828
0.523197
0.324295
0.987465
0.133564
0.108326
0.034997
0.079655
0.055754
0.938820
0.053832
0.679474
0.359728
0.489604
0.203755
0.897629
0.245603
0.573754
0.992573
0.425188
0.536605
0.123737
0.113016
0.698689
0.646037
0.346514
0.024304
0.463097
0.938109
0.147616
0.073753
0.890936
0.670813
0.398048
0.878402
0.804377
0.506374
0.913399
0.884032
0.562128
0.852220
0.937864
0.241602
0.211948
0.427469
0.445357
0.109577
0.673072
0.019110
0.102150
0.098260
0.555715
0.225887
0.211276
0.254405
0.871923
0.557789
0.278709
0.335020
0.495898
0.426325
0.408773
0.386834
0.097138
0.806821
0.265236
0.901515
0.313195
0.178635
0.785547
0.875323
0.030855
0.723412
0.116925
0.242802
0.150880
0.562282
0.352379
0.823952
0.581392
0.454529
0.922212
0.137107
0.680415
0.133487
0.391512
0.552339
0.691277
0.670221
0.887359
0.187174
0.096547
0.296132
0.574009
0.193685
0.102952
0.839245
0.095200
0.416147
0.017880
0.880747
0.291470
0.048735
0.604159
0.408395
0.291537
0.755039
0.970676
0.643916
0.578991
0.552068
0.098445
0.501203
0.689176
0.778860
0.634690
0.080688
0.331199
0.325967
0.750909
0.218557
0.513141
0.847455
0.514689
0.087150
0.041140
0.617641
0.926394
0.136340
0.033788
0.944274
0.017088
0.325258
0.993009
0.621247
0.733652
0.284546
0.376286
0.704329
0.928462
0.955277
0.256397
0.026907
0.456479
0.945572
0.805768
0.091169
0.026260
0.136967
0.417136
0.777169
0.355524
0.930277
0.624625
0.870213
0.017427
0.665765
0.487854
0.943821
0.802105
0.521642
0.888096
0.819193
0.846899
0.881105
0.440440
0.580552
0.165651
0.816726
0.284880
0.094114
0.772002
0.541277
0.121021
0.228481
0.486849
0.926789
0.319651
0.513110
0.063755
0.736787
0.290279
0.419279
0.667064
0.914903
0.289492
0.684491
0.580668
0.777346
0.628313
0.382774
0.298988
0.516408
0.201967
0.145887
0.397513
0.642407
0.726439
0.563165
0.459132
0.011319
0.657279
0.231134
0.552596
0.778300
0.459616
0.039446
0.705088
0.779267
0.552555
0.768844
0.516054
0.842834
0.188123
0.183118
0.757737
0.477615
0.867609
0.338405
0.254961
0.495922
0.721179
0.553949
0.012330
0.923146
0.699836
0.409844
0.565552
0.426275
0.973009
0.024684
0.437594
0.630287
0.255819
0.990190
0.408587
0.715434
0.029636
0.113675
0.494701
0.582191
0.882519
0.010755
0.425025
0.070642
0.193873
0.182762
0.548257
0.061482
0.521167
0.803218
0.557404
0.242346
0.357166
0.569734
0.165492
0.057002
0.979578
0.731044
0.483277
0.952587
0.755729
0.920871
0.582874
0.011547
0.911062
0.991461
0.726982
0.940697
0.105137
0.221683
0.522888
0.987656
0.232438
0.947913
0.058298
0.426311
0.130675
0.606554
0.487793
0.651842
0.409772
0.045197
0.894189
0.766938
0.614931
0.059681
0.823941
0.594509
0.790725
0.307218
0.547096
0.546454
0.228090
0.129970
0.558001
0.139151
0.121431
0.284983
0.079849
0.226568
0.506666
0.602737
0.214223
0.739104
0.550650
0.272521
0.165414
0.681325
0.879075
0.653207
0.333168
0.288847
0.698404
0.227356
0.055786
0.313335
0.287037
0.879727
0.907844
0.077762
0.186945
0.454940
0.624215
0.415035
0.584910
0.182216
0.554186
0.706341
0.467199
0.634035
0.932909
0.973865
0.236772
0.147132
0.712969
0.787422
0.419653
0.878383
0.468747
0.298729
0.531590
0.801914
0.587576
0.229994
0.029271
0.643362
0.543329
0.316308
0.523089
0.451173
0.394069
0.710034
0.906113
0.018285
0.125068
0.491023
0.200501
0.679254
0.197365
0.667701
0.313289
0.130274
0.641566
0.550060
0.277406
0.354535
0.337482
0.697059
0.232918
0.806229
0.995788
0.764508
0.608143
0.583364
0.994502
0.637414
0.226726
0.537831
0.953721
0.749815
0.989003
0.347791
0.459849
0.895117
0.366075
0.584917
0.386140
0.566577
0.264171
0.583505
0.234277
0.577459
0.713779
0.875843
0.127520
0.991185
0.230378
0.465001
0.688244
0.463296
0.271230
0.684032
0.227804
0.879373
0.267396
0.222306
0.516787
0.494122
0.760137
0.470509
0.243937
0.749140
0.818299
0.703786
0.644257
0.184375
0.288703
0.030397
0.750951
0.552874
0.613901
0.985229
0.130333
0.327680
0.861072
0.257853
0.318864
0.091450
0.722854
0.007108
0.554746
0.994084
0.691140
0.782550
0.873458
0.958536
0.004856
0.390245
0.452658
0.764993
0.860754
0.696596
0.514133
0.679053
0.400382
0.158389
0.863428
0.689085
0.188786
0.614379
0.241958
0.802687
0.599608
0.372292
0.130367
0.460679
0.630144
0.449231
0.552129
0.352999
0.456339
0.106875
0.347083
0.147480
0.889425
0.220541
0.106016
0.894281
0.610786
0.558674
0.659273
0.471539
0.255270
0.173406
0.150592
0.655652
0.331795
0.014020
0.344736
0.520581
0.628400
0.586695
0.323268
0.228007
0.958986
0.453634
0.688687
0.589131
0.902865
0.240816
0.942129
0.359205
0.347691
0.289212
0.506684
0.237116
0.509753
0.612700
0.131397
0.120539
0.171375
0.790670
0.592078
0.426645
0.964076
0.742670
0.082297
0.295871
0.756691
0.427033
0.816452
0.385090
0.013727
0.139719
0.613098
0.972714
0.593354
0.301784
0.561844
0.496219
0.542600
0.503973
0.855424
0.890291
0.793186
0.362108
0.127407
0.302939
0.974808
0.258803
0.423478
0.146183
0.049473
0.015556
0.572828
0.013550
0.758226
0.655124
0.309421
0.514917
0.082157
0.125873
0.900007
0.095885
0.265592
0.513105
0.068598
0.858946
0.814889
0.630442
0.355165
0.357489
0.134416
0.210589
0.247780
0.927601
0.572697
0.375187
0.230540
0.547505
0.633990
0.654018
0.693688
0.683464
0.669574
0.266516
0.697013
0.427800
0.921640
0.006434
0.942717
0.003797
0.132307
0.842725
0.099682
0.397899
0.355829
0.168280
0.256845
0.170719
0.798722
0.612010
0.528208
0.933138
0.822598
0.775988
0.860739
0.395295
0.151176
0.091280
0.942800
0.785166
0.745298
0.636488
0.468630
0.414872
0.903004
0.165643
0.842672
0.824644
0.172078
0.785389
0.828441
0.304384
0.628114
0.928123
0.702283
0.983943
0.096403
0.959128
0.154662
0.895125
0.571138
0.682870
0.828263
0.393736
0.458858
0.689002
0.789031
0.610034
0.780282
0.731831
0.395200
0.525579
0.368319
0.863830
0.940451
0.271322
0.029473
0.783123
0.095966
0.201551
0.568512
0.924407
0.505935
0.196625
0.852529
0.208219
0.180569
0.948932
0.167347
0.335230
0.844057
0.738485
0.018100
0.672320
0.132221
0.476959
0.361322
0.921252
0.086992
0.141603
0.653082
0.482192
0.667182
0.021401
0.346022
0.607633
0.292723
0.375495
0.390756
0.388689
0.577046
0.959268
0.313096
0.082981
0.155893
0.165625
0.291199
0.336462
0.114557
0.458546
0.671692
0.958614
0.197031
0.689792
0.630934
0.329251
0.166751
0.992256
0.250503
0.253743
0.133859
0.903585
0.735936
0.801041
0.924986
0.081958
0.408675
0.217710
0.457453
0.799430
0.606399
0.034498
0.758698
0.919494
0.117479
0.914591
0.085120
0.408679
0.251052
0.199677
0.867225
0.922744
0.158292
0.064256
0.612537
0.789226
0.393507
0.779287
0.781481
0.644010
0.033031
0.915340
0.547595
0.768966
0.716382
0.472582
0.850924
0.125056
0.690291
0.308376
0.924487
0.296690
0.342875
0.683184
0.216184
0.460354
0.597775
0.301304
0.869033
0.848828
0.500981
0.736258
0.771572
0.659273
0.800513
0.384108
0.448499
0.194020
0.163396
0.229980
0.838030
0.196426
0.145320
0.385626
0.965393
0.861702
0.858208
0.816316
0.986758
0.548499
0.124693
0.911245
0.845189
0.467568
0.594429
0.061373
0.927922
0.192204
0.362677
0.796955
0.041032
0.863659
0.533212
0.812604
0.522932
0.333725
0.196712
0.971430
0.527745
0.360108
0.201410
0.365776
0.556534
0.346730
0.751401
0.521927
0.208432
0.609609
0.338243
0.195190
0.158108
0.462936
0.106435
0.003297
0.930504
0.700864
0.064670
0.858426
0.893069
0.427348
0.655380
0.934101
0.291006
0.188592
0.746704
0.813938
0.522317
0.943416
0.785368
0.050063
0.303524
0.986778
0.415838
0.860058
0.333509
0.167240
0.381985
0.541941
0.776849
0.720229
0.737132
0.934957
0.183165
0.843567
0.938253
0.113669
0.544431
0.002924
0.972094
0.437500
0.430271
0.627474
0.371600
0.721278
0.816067
0.118305
0.535216
0.338384
0.061721
0.320584
0.388447
0.365245
0.307363
0.804285
0.225304
0.640872
0.971525
0.607289
0.182813
0.748374
0.327518
0.919944
0.683331
0.510682
0.763511
0.621584
0.624351
0.307942
0.624508
0.596445
0.745441
0.054779
0.223919
0.117042
0.776057
0.039986
0.235346
0.311272
0.378370
0.297067
0.631857
0.766817
0.662312
0.939219
0.571103
0.887616
0.580091
0.542628
0.494905
0.762903
0.291002
0.822422
0.682848
0.974332
0.333105
0.446359
0.595916
0.957455
0.754301
0.220424
0.553900
0.499742
0.275203
0.777820
0.616783
0.051260
0.817806
0.852129
0.362532
0.196176
0.149196
0.994389
0.962993
0.811509
0.933608
0.534096
0.699125
0.513699
0.076724
0.194030
0.276602
0.367725
0.016452
0.959450
0.342058
0.349557
0.405809
0.937974
0.307012
0.160109
0.158398
0.860912
0.659851
0.433601
0.638732
0.276635
0.484860
0.456538
0.128764
0.847393
0.652714
0.277961
0.841781
0.615707
0.089469
0.775389
0.149803
0.788594
0.289088
0.226526
0.982624
0.565691
0.594251
0.999076
0.525141
0.936309
0.348632
0.930949
0.874283
0.655644
0.091059
0.032681
0.516557
0.750910
0.466281
0.155289
0.027545
0.951142
0.611827
0.156309
0.798534
0.264540
0.434270
0.640316
0.880247
0.523739
0.415705
0.030050
0.312333
0.704793
0.256576
0.294957
0.270484
0.850827
0.294032
0.795624
0.787136
0.642665
0.726574
0.661419
0.298309
0.817632
0.694099
0.814865
0.568542
